# Parameter : G->QQ gs = 1.66238 P = 300 T = 1 z = 0.25
0 0
0.001 6.03968e-05
0.00209411 0.000116663
0.0032912 0.00016772
0.00460095 0.000219897
0.00603396 0.000277047
0.00760184 0.000338809
0.00931728 0.00040833
0.0111942 0.000485023
0.0132477 0.000570409
0.0154945 0.000666718
0.0179527 0.000777903
0.0206423 0.000901093
0.023585 0.00104473
0.0268047 0.00120691
0.0303274 0.00139256
0.0341816 0.00160538
0.0383986 0.00184776
0.0430125 0.00212601
0.0480605 0.00244201
0.0535837 0.00280554
0.0596266 0.00322104
0.0662383 0.00369499
0.0734723 0.00423439
0.081387 0.00485131
0.0900467 0.00555198
0.0995213 0.00634936
0.109888 0.00725046
0.12123 0.00827749
0.133639 0.00943596
0.147216 0.0107479
0.162071 0.0122235
0.178324 0.0138834
0.196107 0.0157459
0.215564 0.0178311
0.236851 0.0201587
0.260142 0.0227524
0.285625 0.0256333
0.313506 0.0288147
0.344012 0.0323231
0.377388 0.036177
0.413905 0.0403935
0.45386 0.0449852
0.497574 0.049956
0.545403 0.0553166
0.597732 0.0610572
0.654987 0.0671685
0.717631 0.0736164
0.78617 0.0803934
0.861159 0.0874209
0.943206 0.0946533
1.03297 0.102004
1.13119 0.109391
1.23865 0.116689
1.35623 0.123775
1.48487 0.130503
1.62561 0.136729
1.77961 0.14227
1.94809 0.146949
2.13243 0.150595
2.33413 0.153076
2.5548 0.154217
2.79624 0.153926
3.06041 0.152164
3.34943 0.148926
3.66566 0.144331
4.01165 0.138568
4.3902 0.131975
4.80438 0.124961
5.25754 0.118072
5.75334 0.111905
6.29581 0.107081
6.88934 0.10412
7.53872 0.103387
8.24921 0.104917
9.02658 0.108388
9.87711 0.112986
10.8077 0.117571
11.8258 0.120884
12.9398 0.121926
14.1586 0.120447
15.4921 0.117273
16.9512 0.114201
18.5475 0.113009
20.2941 0.114374
22.205 0.116915
24.2958 0.118093
26.5834 0.116811
29.0863 0.115017
31.8247 0.115404
34.8208 0.116961
38.099 0.116504
41.6856 0.115454
45.6098 0.116435
49.9033 0.116346
54.6009 0.115805
59.7406 0.116503
65.364 0.115871
71.5166 0.116388
78.2483 0.115988
85.6136 0.116191
93.672 0.116279
