# Parameter : G->QQ gs = 1.66238 P = 300 T = 1 z = 0.25 mDSqr= 4.14527 Qs^2 = 10.288 q0= 0.777193 q3= 1.88165 muSqr= 0.444905
# Columns: 1- Time: T^2 t/(P*z*(1-z))    2- 1/(T P(z)) dGamma/dz 
0.000888889 -0.000797432 
0.00177778 0.00029142 
0.00266667 0.000305684 
0.00355556 0.000289686 
0.00444444 0.000123402 
0.00533333 0.000184814 
0.00622222 0.000395554 
0.00711111 0.000140788 
0.008 0.000429078 
0.00888889 0.000408476 
0.00977778 0.000372881 
0.0106667 0.000461059 
0.0115556 0.000363492 
0.0124444 0.000562446 
0.0133333 0.000592749 
0.0142222 0.000522867 
0.0151111 0.000628337 
0.016 0.000718225 
0.0168889 0.000677154 
0.0177778 0.000773942 
0.0186667 0.000816163 
0.0195556 0.000767414 
0.0204444 0.000961507 
0.0213333 0.000949031 
0.0222222 0.00110219 
0.0231111 0.000944665 
0.024 0.00118983 
0.0248889 0.00118821 
0.0257778 0.00131618 
0.0266667 0.00125356 
0.0275556 0.00137262 
0.0284444 0.00153727 
0.0293333 0.0015483 
0.0302222 0.00166052 
0.0311111 0.001756 
0.032 0.00186403 
0.0328889 0.00187635 
0.0337778 0.00200702 
0.0346667 0.00216099 
0.0355556 0.00224967 
0.0364444 0.00229926 
0.0373333 0.00233614 
0.0382222 0.00255771 
0.0391111 0.00271437 
0.04 0.00276821 
0.0408889 0.00284169 
0.0417778 0.0028645 
0.0426667 0.00328127 
0.0435556 0.00329316 
0.0444444 0.00335079 
0.0453333 0.00343925 
0.0462222 0.00381539 
0.0471111 0.0037637 
0.048 0.00391517 
0.0488889 0.00423493 
0.0497778 0.00410778 
0.0506667 0.00447362 
0.0515556 0.00456891 
0.0524444 0.00479728 
0.0533333 0.0048715 
0.0542222 0.00497235 
0.0551111 0.00515398 
0.056 0.00534667 
0.0568889 0.00560036 
0.0577778 0.00562453 
0.0586667 0.00587973 
0.0595556 0.00597236 
0.0604444 0.00622257 
0.0613333 0.00642554 
0.0622222 0.00641941 
0.0631111 0.00668894 
0.064 0.00689159 
0.0648889 0.00699469 
0.0657778 0.00715927 
0.0666667 0.00741042 
0.0675556 0.00753826 
0.0684444 0.00762643 
0.0693333 0.00790795 
0.0702222 0.00797269 
0.0711111 0.00821936 
0.072 0.00828642 
0.0728889 0.0084675 
0.0737778 0.00846916 
0.0746667 0.0088198 
0.0755556 0.00894736 
0.0764444 0.00899713 
0.0773333 0.00912554 
0.0782222 0.00939529 
0.0791111 0.00947531 
0.08 0.00954892 
0.0808889 0.00969485 
0.0817778 0.00987837 
0.0826667 0.00995297 
0.0835556 0.0100137 
0.0844444 0.0102161 
0.0853333 0.0103336 
0.0862222 0.0103835 
0.0871111 0.0104114 
0.088 0.0105825 
0.0888889 0.0106594 
0.0897778 0.010751 
0.0906667 0.0108166 
0.0915556 0.0109614 
0.0924444 0.0109691 
0.0933333 0.0110666 
0.0942222 0.011128 
0.0951111 0.0111976 
0.096 0.0111764 
0.0968889 0.0112736 
0.0977778 0.0114015 
0.0986667 0.0113063 
0.0995556 0.0114277 
0.100444 0.0115045 
0.101333 0.0115012 
0.102222 0.0114803 
0.103111 0.0115672 
0.104 0.0116157 
0.104889 0.0116262 
0.105778 0.01167 
0.106667 0.0116211 
0.107556 0.0115759 
0.108444 0.0116816 
0.109333 0.0116723 
0.110222 0.0117786 
0.111111 0.0116037 
0.112 0.0116812 
0.112889 0.0117012 
0.113778 0.0116127 
0.114667 0.0117832 
0.115556 0.0116162 
0.116444 0.0116728 
0.117333 0.0116199 
0.118222 0.0116547 
0.119111 0.0115942 
0.12 0.0116078 
0.120889 0.0115426 
0.121778 0.0115642 
0.122667 0.0115877 
0.123556 0.0116041 
0.124444 0.0113871 
0.125333 0.0114721 
0.126222 0.0114777 
0.127111 0.0113997 
0.128 0.0114275 
0.128889 0.011374 
0.129778 0.0113652 
0.130667 0.0113054 
0.131556 0.0111994 
0.132444 0.0113038 
0.133333 0.0111985 
0.134222 0.0112294 
0.135111 0.0112162 
0.136 0.0111659 
0.136889 0.0111292 
0.137778 0.0111432 
0.138667 0.0110142 
0.139556 0.0110273 
0.140444 0.0109642 
0.141333 0.0108948 
0.142222 0.0111023 
0.143111 0.0108506 
0.144 0.010867 
0.144889 0.0108562 
0.145778 0.0109104 
0.146667 0.0107183 
0.147556 0.0108544 
0.148444 0.0106228 
0.149333 0.0107534 
0.150222 0.0106977 
0.151111 0.0106895 
0.152 0.0105608 
0.152889 0.0105502 
0.153778 0.0105259 
0.154667 0.0106561 
0.155556 0.0105136 
0.156444 0.0105284 
0.157333 0.0103966 
0.158222 0.0105893 
0.159111 0.0104191 
0.16 0.0103596 
0.160889 0.0102685 
0.161778 0.0104509 
0.162667 0.0102909 
0.163556 0.0104406 
0.164444 0.0102015 
0.165333 0.010292 
0.166222 0.0102356 
0.167111 0.0102775 
0.168 0.0101685 
0.168889 0.0101661 
0.169778 0.0101303 
0.170667 0.0101994 
0.171556 0.0101638 
0.172444 0.010193 
0.173333 0.0100007 
0.174222 0.0101028 
0.175111 0.0100419 
0.176 0.0100473 
0.176889 0.010101 
0.177778 0.00998337 
0.178667 0.00999311 
0.179556 0.00994445 
0.180444 0.0100434 
0.181333 0.00991329 
0.182222 0.00989202 
0.183111 0.00996775 
0.184 0.00998579 
0.184889 0.00987063 
0.185778 0.00998053 
0.186667 0.00982018 
0.187556 0.00993598 
0.188444 0.00994707 
0.189333 0.00971854 
0.190222 0.00989882 
0.191111 0.00988714 
0.192 0.0098339 
0.192889 0.00985542 
0.193778 0.00980392 
0.194667 0.00978294 
0.195556 0.00988858 
0.196444 0.00983817 
0.197333 0.00976603 
0.198222 0.00978004 
0.199111 0.00971657 
0.2 0.00974451 
0.200889 0.00979391 
0.201778 0.00975133 
0.202667 0.00980633 
0.203556 0.00976176 
0.204444 0.00965774 
0.205333 0.00982602 
0.206222 0.00972736 
0.207111 0.0097279 
0.208 0.00983439 
0.208889 0.00970603 
0.209778 0.00970556 
0.210667 0.00978683 
0.211556 0.00960631 
0.212444 0.00990547 
0.213333 0.00963098 
0.214222 0.0097637 
0.215111 0.00973772 
0.216 0.00968073 
0.216889 0.00978012 
0.217778 0.00967775 
0.218667 0.00972144 
0.219556 0.00969284 
0.220444 0.00980728 
0.221333 0.00974643 
0.222222 0.00962612 
0.223111 0.00977392 
0.224 0.00972399 
0.224889 0.00964228 
0.225778 0.00983515 
0.226667 0.00966195 
0.227556 0.00981624 
0.228444 0.00967057 
0.229333 0.00988759 
0.230222 0.00967933 
0.231111 0.00965447 
0.232 0.00978798 
0.232889 0.00964544 
0.233778 0.00983213 
0.234667 0.00982257 
0.235556 0.00970072 
0.236444 0.00976876 
0.237333 0.00974266 
0.238222 0.00975782 
0.239111 0.00970266 
0.24 0.00967429 
0.240889 0.00981513 
0.241778 0.00968334 
0.242667 0.00988272 
0.243556 0.00981359 
0.244444 0.00974246 
0.245333 0.00974303 
0.246222 0.00987349 
0.247111 0.00985856 
0.248 0.00986808 
0.248889 0.00966601 
0.249778 0.00982406 
0.250667 0.00969158 
0.251556 0.00981677 
0.252444 0.00970138 
0.253333 0.00992204 
0.254222 0.00980897 
0.255111 0.00984903 
0.256 0.00994068 
0.256889 0.00966009 
0.257778 0.00975542 
0.258667 0.00992591 
0.259556 0.00979472 
0.260444 0.00998974 
0.261333 0.00963442 
0.262222 0.0100128 
0.263111 0.00977 
0.264 0.009785 
0.264889 0.00982913 
0.265778 0.00998472 
0.266667 0.00978001 
0.267556 0.00994285 
0.268444 0.00984769 
0.269333 0.00987527 
0.270222 0.00987867 
0.271111 0.00990418 
0.272 0.00989317 
0.272889 0.00983768 
0.273778 0.0100116 
0.274667 0.00986028 
0.275556 0.00982221 
0.276444 0.0100537 
0.277333 0.00980743 
0.278222 0.00989646 
0.279111 0.00987481 
0.28 0.0100102 
0.280889 0.00994139 
0.281778 0.00985336 
0.282667 0.00984605 
0.283556 0.00979512 
0.284444 0.0100414 
0.285333 0.0100181 
0.286222 0.00987964 
0.287111 0.0099702 
0.288 0.00994082 
0.288889 0.0098602 
0.289778 0.0100354 
0.290667 0.00999812 
0.291556 0.00997099 
0.292444 0.0100759 
0.293333 0.00970753 
0.294222 0.00993183 
0.295111 0.0100322 
0.296 0.0100711 
0.296889 0.00996447 
0.297778 0.00981007 
0.298667 0.00998623 
0.299556 0.00998634 
0.300444 0.00998285 
0.301333 0.00999761 
0.302222 0.00993341 
0.303111 0.0100663 
0.304 0.00995511 
0.304889 0.00999016 
0.305778 0.00995033 
0.306667 0.00984178 
0.307556 0.0100447 
0.308444 0.0100026 
0.309333 0.00995977 
0.310222 0.0102015 
0.311111 0.00995116 
0.312 0.00991846 
0.312889 0.0100755 
0.313778 0.0100415 
0.314667 0.00988562 
0.315556 0.01007 
0.316444 0.010064 
0.317333 0.0102143 
0.318222 0.0100152 
0.319111 0.0098749 
0.32 0.0100119 
0.320889 0.0100533 
0.321778 0.00996184 
0.322667 0.0097941 
0.323556 0.0101555 
0.324444 0.00995349 
0.325333 0.0100522 
0.326222 0.0100414 
0.327111 0.0100432 
0.328 0.0100925 
0.328889 0.00981077 
0.329778 0.0101432 
0.330667 0.0100666 
0.331556 0.00998802 
0.332444 0.00995667 
0.333333 0.0101036 
0.334222 0.0101279 
0.335111 0.0100752 
0.336 0.00996935 
0.336889 0.00992317 
0.337778 0.00998055 
0.338667 0.0100069 
0.339556 0.00999442 
0.340444 0.0100494 
0.341333 0.0102016 
0.342222 0.0100847 
0.343111 0.010021 
0.344 0.0101247 
0.344889 0.0101441 
0.345778 0.00974255 
0.346667 0.00989868 
0.347556 0.0101796 
0.348444 0.010046 
0.349333 0.0100687 
0.350222 0.00993643 
0.351111 0.0100315 
0.352 0.0101953 
0.352889 0.0100125 
0.353778 0.0101348 
0.354667 0.00976754 
0.355556 0.0100305 
0.356444 0.0101519 
0.357333 0.010053 
0.358222 0.0101839 
0.359111 0.00991643 
0.36 0.00991429 
0.360889 0.0100307 
0.361778 0.0100756 
0.362667 0.010111 
0.363556 0.00982396 
0.364444 0.0101855 
0.365333 0.00987186 
0.366222 0.0100873 
0.367111 0.00998887 
0.368 0.00997941 
0.368889 0.0101109 
0.369778 0.00999734 
0.370667 0.0101819 
0.371556 0.00986182 
0.372444 0.0101025 
0.373333 0.00983898 
0.374222 0.0100974 
0.375111 0.0100631 
0.376 0.0101082 
0.376889 0.0100763 
0.377778 0.0100511 
0.378667 0.00979004 
0.379556 0.0101417 
0.380444 0.0100524 
0.381333 0.00997701 
0.382222 0.0103206 
0.383111 0.00995873 
0.384 0.00993329 
0.384889 0.0101445 
0.385778 0.00998085 
0.386667 0.00987035 
0.387556 0.0100052 
0.388444 0.0100964 
0.389333 0.0100162 
0.390222 0.010114 
0.391111 0.0100251 
0.392 0.0100872 
0.392889 0.00999903 
0.393778 0.00996275 
0.394667 0.0100588 
0.395556 0.00994482 
0.396444 0.0101272 
0.397333 0.00998744 
0.398222 0.00984893 
0.399111 0.0100808 
0.4 0.0100777 
0.400889 0.00991514 
0.401778 0.0100231 
0.402667 0.0102522 
0.403556 0.00977828 
0.404444 0.0100854 
0.405333 0.00998439 
0.406222 0.0102312 
0.407111 0.00972696 
0.408 0.0100652 
0.408889 0.0100978 
0.409778 0.00997128 
0.410667 0.0101168 
0.411556 0.00993447 
0.412444 0.00980764 
0.413333 0.00998094 
0.414222 0.0100159 
0.415111 0.0102442 
0.416 0.0100772 
0.416889 0.0100135 
0.417778 0.00979735 
0.418667 0.0100822 
0.419556 0.0100815 
0.420444 0.0100736 
0.421333 0.0101268 
0.422222 0.00987404 
0.423111 0.00993498 
0.424 0.00997449 
0.424889 0.0100983 
0.425778 0.0101225 
0.426667 0.00996441 
0.427556 0.0100472 
0.428444 0.0099314 
0.429333 0.0100165 
0.430222 0.010097 
0.431111 0.00988978 
0.432 0.0100741 
0.432889 0.010054 
0.433778 0.0100398 
0.434667 0.00999216 
0.435556 0.00984345 
0.436444 0.00998348 
0.437333 0.00996497 
0.438222 0.0101798 
0.439111 0.0101516 
0.44 0.00969814 
0.440889 0.0100382 
0.441778 0.0100687 
0.442667 0.0101557 
0.443556 0.00991888 
0.444444 0.00992001 
0.445333 0.00992104 
0.446222 0.0100615 
0.447111 0.0100172 
0.448 0.0100887 
0.448889 0.0100547 
0.449778 0.0100258 
0.450667 0.0099644 
0.451556 0.0099331 
0.452444 0.0101986 
0.453333 0.00993006 
0.454222 0.00994494 
0.455111 0.0100896 
0.456 0.00999353 
0.456889 0.00987452 
0.457778 0.00991864 
0.458667 0.0101473 
0.459556 0.0100759 
0.460444 0.010042 
0.461333 0.00991682 
0.462222 0.00993559 
0.463111 0.00986768 
0.464 0.0100723 
0.464889 0.00993917 
0.465778 0.0101509 
0.466667 0.00999341 
0.467556 0.00987339 
0.468444 0.0101068 
0.469333 0.0100134 
0.470222 0.0100497 
0.471111 0.00996138 
0.472 0.00994331 
0.472889 0.00999775 
0.473778 0.00992485 
0.474667 0.0100256 
0.475556 0.0100808 
0.476444 0.0100482 
0.477333 0.0100338 
0.478222 0.00991663 
0.479111 0.00992726 
0.48 0.0100944 
0.480889 0.00991095 
0.481778 0.00994773 
0.482667 0.0100009 
0.483556 0.0101727 
0.484444 0.00978141 
0.485333 0.00999984 
0.486222 0.0101595 
0.487111 0.0100972 
0.488 0.00998478 
0.488889 0.00986608 
0.489778 0.0100505 
0.490667 0.0100027 
0.491556 0.010086 
0.492444 0.0100494 
0.493333 0.0101666 
0.494222 0.0100548 
0.495111 0.00994726 
0.496 0.00986853 
0.496889 0.0102209 
0.497778 0.00995019 
0.498667 0.00990848 
0.499556 0.00996623 
0.500444 0.0100556 
0.501333 0.00981347 
0.502222 0.0100414 
0.503111 0.00989083 
0.504 0.0100099 
0.504889 0.00997764 
0.505778 0.00987229 
0.506667 0.010148 
0.507556 0.0101598 
0.508444 0.00988894 
0.509333 0.0100518 
0.510222 0.00992867 
0.511111 0.0100264 
0.512 0.0100132 
0.512889 0.0102167 
0.513778 0.00992345 
0.514667 0.010073 
0.515556 0.00986385 
0.516444 0.00985985 
0.517333 0.0100783 
0.518222 0.00996014 
0.519111 0.00986621 
0.52 0.0100505 
0.520889 0.0100832 
0.521778 0.0100606 
0.522667 0.00996449 
0.523556 0.00983324 
0.524444 0.0100877 
0.525333 0.010097 
0.526222 0.00959629 
0.527111 0.0103838 
0.528 0.00988082 
0.528889 0.00996514 
0.529778 0.0101951 
0.530667 0.00991404 
0.531556 0.00988288 
0.532444 0.00988288 
