0 0.0678966
0.5 0.0678966
1 0.0678966
1.5 0.0678966
2 0.0678966
2.5 0.0678966
3 0.0678966
3.5 0.0678966
4 0.0678966
4.5 0.0678966
5 0.0678966
5.5 0.0678966
6 0.0678966
6.5 0.0678966
7 0.0678966
7.5 0.0678966
8 0.0678966
8.5 0.0678966
9 0.0678966
9.5 0.0678966
10 0.0678966
10.5 0.0678966
11 0.0678966
11.5 0.0678966
12 0.0678966
12.5 0.0678966
13 0.0678966
13.5 0.0678966
14 0.0678966
14.5 0.0678966
15 0.0678966
15.5 0.0678966
16 0.0678966
16.5 0.0678966
17 0.0678966
17.5 0.0678966
18 0.0678966
18.5 0.0678966
19 0.0678966
19.5 0.0678966
20 0.0678966
20.5 0.0678966
21 0.0678966
21.5 0.0678966
22 0.0678966
22.5 0.0678966
23 0.0678966
23.5 0.0678966
24 0.0678966
24.5 0.0678966
25 0.0678966
25.5 0.0678966
26 0.0678966
26.5 0.0678966
27 0.0678966
27.5 0.0678966
28 0.0678966
28.5 0.0678966
29 0.0678966
29.5 0.0678966
30 0.0678966
30.5 0.0678966
31 0.0678966
31.5 0.0678966
32 0.0678966
32.5 0.0678966
33 0.0678966
33.5 0.0678966
34 0.0678966
34.5 0.0678966
35 0.0678966
35.5 0.0678966
36 0.0678966
36.5 0.0678966
37 0.0678966
37.5 0.0678966
38 0.0678966
38.5 0.0678966
39 0.0678966
39.5 0.0678966
40 0.0678966
40.5 0.0678966
41 0.0678966
41.5 0.0678966
42 0.0678966
42.5 0.0678966
43 0.0678966
43.5 0.0678966
44 0.0678966
44.5 0.0678966
45 0.0678966
45.5 0.0678966
46 0.0678966
46.5 0.0678966
47 0.0678966
