0 0.068614
0.5 0.068614
1 0.068614
1.5 0.068614
2 0.068614
2.5 0.068614
3 0.068614
3.5 0.068614
4 0.068614
4.5 0.068614
5 0.068614
5.5 0.068614
6 0.068614
6.5 0.068614
7 0.068614
7.5 0.068614
8 0.068614
8.5 0.068614
9 0.068614
9.5 0.068614
10 0.068614
10.5 0.068614
11 0.068614
11.5 0.068614
12 0.068614
12.5 0.068614
13 0.068614
13.5 0.068614
14 0.068614
14.5 0.068614
15 0.068614
15.5 0.068614
16 0.068614
16.5 0.068614
17 0.068614
17.5 0.068614
18 0.068614
18.5 0.068614
19 0.068614
19.5 0.068614
20 0.068614
20.5 0.068614
21 0.068614
21.5 0.068614
22 0.068614
22.5 0.068614
23 0.068614
23.5 0.068614
24 0.068614
24.5 0.068614
25 0.068614
25.5 0.068614
26 0.068614
26.5 0.068614
27 0.068614
27.5 0.068614
28 0.068614
28.5 0.068614
29 0.068614
29.5 0.068614
30 0.068614
30.5 0.068614
31 0.068614
31.5 0.068614
32 0.068614
32.5 0.068614
33 0.068614
33.5 0.068614
34 0.068614
34.5 0.068614
35 0.068614
35.5 0.068614
36 0.068614
36.5 0.068614
37 0.068614
37.5 0.068614
38 0.068614
38.5 0.068614
39 0.068614
39.5 0.068614
40 0.068614
40.5 0.068614
41 0.068614
41.5 0.068614
42 0.068614
42.5 0.068614
43 0.068614
43.5 0.068614
44 0.068614
44.5 0.068614
45 0.068614
45.5 0.068614
46 0.068614
46.5 0.068614
47 0.068614
47.5 0.068614
48 0.068614
48.5 0.068614
49 0.068614
49.5 0.068614
50 0.068614
50.5 0.068614
51 0.068614
51.5 0.068614
52 0.068614
52.5 0.068614
53 0.068614
53.5 0.068614
54 0.068614
54.5 0.068614
55 0.068614
55.5 0.068614
56 0.068614
56.5 0.068614
57 0.068614
57.5 0.068614
58 0.068614
58.5 0.068614
59 0.068614
59.5 0.068614
60 0.068614
60.5 0.068614
61 0.068614
61.5 0.068614
62 0.068614
62.5 0.068614
63 0.068614
63.5 0.068614
64 0.068614
64.5 0.068614
65 0.068614
65.5 0.068614
66 0.068614
66.5 0.068614
67 0.068614
67.5 0.068614
68 0.068614
68.5 0.068614
69 0.068614
69.5 0.068614
70 0.068614
70.5 0.068614
71 0.068614
71.5 0.068614
72 0.068614
72.5 0.068614
73 0.068614
73.5 0.068614
74 0.068614
74.5 0.068614
75 0.068614
75.5 0.068614
76 0.068614
76.5 0.068614
77 0.068614
77.5 0.068614
78 0.068614
78.5 0.068614
79 0.068614
79.5 0.068614
80 0.068614
80.5 0.068614
81 0.068614
81.5 0.068614
82 0.068614
82.5 0.068614
83 0.068614
83.5 0.068614
84 0.068614
84.5 0.068614
85 0.068614
85.5 0.068614
86 0.068614
86.5 0.068614
87 0.068614
87.5 0.068614
88 0.068614
88.5 0.068614
89 0.068614
89.5 0.068614
90 0.068614
90.5 0.068614
91 0.068614
91.5 0.068614
92 0.068614
92.5 0.068614
93 0.068614
93.5 0.068614
94 0.068614
94.5 0.068614
95 0.068614
95.5 0.068614
96 0.068614
96.5 0.068614
97 0.068614
97.5 0.068614
98 0.068614
98.5 0.068614
99 0.068614
99.5 0.068614
100 0.068614
