z, G_{gg}, G_{gg}Err, G_{qq}, G_{qq}Err, Q_{gq}, Q_{gq}Err
1e-05, 0.0526519, 2.35174e-10, 0.0385767, 5.35315e-10, 0.0526519, 2.35174e-10, 
1.18419e-05, 0.0526519, 2.35173e-10, 0.0385767, 5.35315e-10, 0.0526519, 2.35174e-10, 
1.40231e-05, 0.0526519, 2.35173e-10, 0.0385767, 5.35315e-10, 0.0526519, 2.35173e-10, 
1.6606e-05, 0.0526519, 2.35173e-10, 0.0385767, 5.35315e-10, 0.0526519, 2.35173e-10, 
1.96646e-05, 0.0526519, 2.35173e-10, 0.0385767, 5.35315e-10, 0.0526519, 2.35173e-10, 
2.32867e-05, 0.0526519, 2.35173e-10, 0.0385767, 5.35315e-10, 0.0526519, 2.35173e-10, 
2.75758e-05, 0.0526519, 2.35173e-10, 0.0385767, 5.35316e-10, 0.0526519, 2.35173e-10, 
3.2655e-05, 0.0526519, 2.35172e-10, 0.0385767, 5.35323e-10, 0.0526519, 2.35172e-10, 
3.86697e-05, 0.0526519, 2.35172e-10, 0.0385767, 5.35332e-10, 0.0526519, 2.35171e-10, 
4.57923e-05, 0.0526519, 2.35171e-10, 0.0385767, 5.35343e-10, 0.0526519, 2.35171e-10, 
5.42268e-05, 0.0526519, 2.35183e-10, 0.0385767, 5.35355e-10, 0.0526519, 2.35183e-10, 
6.42148e-05, 0.0526519, 2.3491e-10, 0.0385767, 5.3537e-10, 0.0526519, 2.3491e-10, 
7.60426e-05, 0.0526519, 2.34534e-10, 0.0385767, 5.35388e-10, 0.0526519, 2.34533e-10, 
9.00489e-05, 0.0526519, 2.34106e-10, 0.0385767, 5.35541e-10, 0.0526519, 2.34105e-10, 
0.000106635, 0.0526519, 2.33597e-10, 0.0385767, 5.35776e-10, 0.0526519, 2.33596e-10, 
0.000126276, 0.0526519, 2.32993e-10, 0.0385767, 5.36703e-10, 0.0526519, 2.32992e-10, 
0.000149535, 0.0526519, 2.31969e-10, 0.0385767, 5.39741e-10, 0.0526519, 2.31967e-10, 
0.000177078, 0.0526519, 2.30627e-10, 0.0385767, 5.43345e-10, 0.0526519, 2.30625e-10, 
0.000209694, 0.0526519, 2.29614e-10, 0.0385767, 5.47652e-10, 0.0526519, 2.29612e-10, 
0.000248317, 0.0526519, 2.28683e-10, 0.0385767, 5.52794e-10, 0.0526519, 2.2868e-10, 
0.000294055, 0.052652, 2.26425e-10, 0.0385768, 5.58749e-10, 0.0526519, 2.26418e-10, 
0.000348217, 0.052652, 2.23731e-10, 0.0385768, 5.65407e-10, 0.0526519, 2.23723e-10, 
0.000412355, 0.052652, 2.2052e-10, 0.0385768, 5.80115e-10, 0.0526519, 2.20511e-10, 
0.000488306, 0.052652, 2.16666e-10, 0.0385768, 5.9206e-10, 0.0526519, 2.16653e-10, 
0.000578247, 0.052652, 2.14417e-10, 0.0385769, 5.74575e-10, 0.0526519, 2.14382e-10, 
0.000684755, 0.052652, 2.15663e-10, 0.0385769, 5.52881e-10, 0.0526519, 2.15613e-10, 
0.00081088, 0.0526521, 2.1686e-10, 0.038577, 5.30308e-10, 0.0526519, 2.16801e-10, 
0.000960236, 0.0526521, 2.17793e-10, 0.0385771, 5.06397e-10, 0.0526519, 2.17712e-10, 
0.0011371, 0.0526522, 2.22786e-10, 0.0385772, 4.81884e-10, 0.0526519, 2.22607e-10, 
0.00134654, 0.0526522, 2.27155e-10, 0.0385774, 4.41331e-10, 0.0526519, 2.26672e-10, 
0.00159456, 0.0526524, 1.86577e-10, 0.0385777, 3.9359e-10, 0.0526519, 1.86006e-10, 
0.00188827, 0.0526525, 1.18549e-10, 0.038578, 3.65835e-10, 0.0526518, 1.17384e-10, 
0.00223607, 0.0526527, 8.10359e-11, 0.0385785, 3.43461e-10, 0.0526518, 8.08827e-11, 
0.00264793, 0.052653, 1.95311e-10, 0.0385792, 3.52721e-10, 0.0526518, 1.94729e-10, 
0.00313565, 0.0526534, 3.41759e-10, 0.0385801, 2.48868e-10, 0.0526517, 3.41292e-10, 
0.00371321, 0.0526539, 3.96837e-10, 0.0385813, 1.07128e-10, 0.0526516, 3.94578e-10, 
0.00439714, 0.0526546, 3.67894e-10, 0.0385829, -1.6964e-12, 0.0526515, 3.68301e-10, 
0.00520705, 0.0526556, 3.32483e-10, 0.0385852, 1.41111e-10, 0.0526513, 3.26998e-10, 
0.00616614, 0.0526569, 3.48313e-10, 0.0385882, 2.77688e-10, 0.0526511, 3.3702e-10, 
0.00730188, 0.0526586, 3.77502e-10, 0.0385924, 4.8437e-10, 0.0526507, 3.68725e-10, 
0.00864682, 0.052661, 1.37192e-10, 0.038598, 6.83556e-10, 0.0526503, 1.35004e-10, 
0.0102395, 0.0526642, 2.05565e-10, 0.0386056, 8.3778e-10, 0.0526497, 2.06185e-10, 
0.0121255, 0.0526685, 2.17607e-10, 0.0386158, 8.85805e-10, 0.0526488, 2.03183e-10, 
0.0143589, 0.0526742, 3.39103e-10, 0.0386297, 1.04037e-09, 0.0526477, 3.35048e-10, 
0.0170036, 0.052682, 4.02827e-10, 0.0386483, 9.75374e-10, 0.0526461, 3.42588e-10, 
0.0201355, 0.0526923, 1.78027e-10, 0.0386736, 8.53317e-10, 0.0526439, 8.2466e-11, 
0.0238443, 0.0527062, 2.29844e-10, 0.0387075, 2.83317e-10, 0.0526409, 1.99972e-10, 
0.0282362, 0.0527247, 4.92439e-10, 0.0387533, 2.8988e-10, 0.0526368, 4.07528e-10, 
0.033437, 0.0527492, 1.5811e-10, 0.0388148, 5.46527e-10, 0.0526312, 1.18446e-10, 
0.0395958, 0.0527818, 4.9196e-10, 0.0388976, 7.57896e-10, 0.0526235, 3.79665e-10, 
0.0468889, 0.052825, 3.95951e-10, 0.0390088, 7.37436e-10, 0.052613, 1.76027e-10, 
0.0555254, 0.0528819, 3.02783e-10, 0.039158, 8.285e-10, 0.0525985, 1.1374e-10, 
0.0657526, 0.0529566, 5.80472e-10, 0.0393581, 5.53831e-10, 0.0525785, 1.00555e-10, 
0.0778636, 0.0530542, 5.08777e-10, 0.0396263, 1.34943e-09, 0.052551, 1.48211e-10, 
0.0922053, 0.053181, 3.95439e-10, 0.039985, 2.30336e-09, 0.0525131, 1.82856e-10, 
0.109189, 0.0533445, 6.98186e-10, 0.040464, 1.8878e-09, 0.0524607, 1.3279e-10, 
0.1293, 0.0535536, 1.1445e-09, 0.0411017, 2.5223e-09, 0.0523881, 6.15651e-11, 
0.153116, 0.0538174, 1.73389e-09, 0.0419464, 3.50606e-09, 0.052287, 1.05078e-10, 
0.181318, 0.0541449, 1.69851e-09, 0.0430563, 4.27923e-09, 0.0521459, 2.28568e-11, 
0.214715, 0.0545418, 2.33163e-08, 0.044494, 5.41659e-09, 0.051948, 2.19344e-08, 
0.254264, 0.0550064, 2.23832e-08, 0.0463099, 8.03533e-09, 0.0516686, 2.05037e-08, 
0.301097, 0.0555208, 2.25217e-08, 0.0484993, 1.20657e-08, 0.051272, 1.87265e-08, 
0.356556, 0.0560386, 2.05489e-08, 0.0509093, 1.7631e-08, 0.0507047, 1.69422e-08, 
0.42223, 0.0564677, 1.98628e-08, 0.0530783, 2.13534e-10, 0.0498882, 1.43481e-08, 
0.5, 0.0566551, 1.99424e-08, 0.0540781, 5.97936e-10, 0.0487078, 1.07046e-08, 
0.57777, 0.0564677, 1.98628e-08, 0.0530783, 2.13534e-10, 0.0472915, 7.41669e-09, 
0.643444, 0.0560386, 2.05489e-08, 0.0509093, 1.7631e-08, 0.0459204, 7.36857e-09, 
0.698903, 0.0555208, 2.25217e-08, 0.0484993, 1.20657e-08, 0.0446554, 5.83702e-09, 
0.745736, 0.0550064, 2.23832e-08, 0.0463099, 8.03533e-09, 0.0435314, 4.85693e-09, 
0.785285, 0.0545418, 2.33163e-08, 0.044494, 5.41659e-09, 0.0425621, 4.81885e-09, 
0.818682, 0.0541449, 1.69851e-09, 0.0430563, 4.27923e-09, 0.0417462, 2.95872e-09, 
0.846884, 0.0538174, 1.73389e-09, 0.0419464, 3.50606e-09, 0.0410729, 1.99246e-09, 
0.8707, 0.0535536, 1.1445e-09, 0.0411017, 2.5223e-09, 0.0405262, 1.62081e-09, 
0.890811, 0.0533445, 6.98186e-10, 0.040464, 1.8878e-09, 0.0400882, 1.53087e-09, 
0.907795, 0.053181, 3.95439e-10, 0.039985, 2.30336e-09, 0.0397412, 1.96092e-09, 
0.922136, 0.0530542, 5.08777e-10, 0.0396263, 1.34943e-09, 0.039469, 9.30169e-10, 
0.934247, 0.0529566, 5.80472e-10, 0.0393581, 5.53831e-10, 0.0392571, 8.82852e-10, 
0.944475, 0.0528819, 3.02783e-10, 0.039158, 8.285e-10, 0.0390933, 3.88643e-10, 
0.953111, 0.052825, 3.95951e-10, 0.0390088, 7.37436e-10, 0.0389675, 7.91991e-10, 
0.960404, 0.0527818, 4.9196e-10, 0.0388976, 7.57896e-10, 0.0388713, 6.31532e-10, 
0.966563, 0.0527492, 1.5811e-10, 0.0388148, 5.46527e-10, 0.0387982, 6.32629e-10, 
0.971764, 0.0527247, 4.92439e-10, 0.0387533, 2.8988e-10, 0.0387427, 1.0884e-09, 
0.976156, 0.0527062, 2.29844e-10, 0.0387075, 2.83317e-10, 0.0387009, 8.89921e-10, 
0.979864, 0.0526923, 1.78027e-10, 0.0386736, 8.53317e-10, 0.0386693, 5.5463e-11, 
0.982996, 0.052682, 4.02827e-10, 0.0386483, 9.75374e-10, 0.0386457, 3.41058e-10, 
0.985641, 0.0526742, 3.39103e-10, 0.0386297, 1.04037e-09, 0.038628, 5.31582e-10, 
0.987875, 0.0526685, 2.17607e-10, 0.0386158, 8.85805e-10, 0.0386148, 5.26929e-10, 
0.989761, 0.0526642, 2.05565e-10, 0.0386056, 8.3778e-10, 0.0386049, 6.13689e-10, 
0.991353, 0.052661, 1.37192e-10, 0.038598, 6.83556e-10, 0.0385976, 6.1427e-10, 
0.992698, 0.0526586, 3.77502e-10, 0.0385924, 4.8437e-10, 0.0385921, 6.67295e-10, 
0.993834, 0.0526569, 3.48313e-10, 0.0385882, 2.77688e-10, 0.0385881, 5.54262e-10, 
0.994793, 0.0526556, 3.32483e-10, 0.0385852, 1.41111e-10, 0.0385851, 5.60186e-10, 
0.995603, 0.0526546, 3.67894e-10, 0.0385829, -1.6964e-12, 0.0385829, 6.02314e-10, 
0.996287, 0.0526539, 3.96837e-10, 0.0385813, 1.07128e-10, 0.0385813, 5.13245e-10, 
0.996864, 0.0526534, 3.41759e-10, 0.0385801, 2.48868e-10, 0.0385801, 5.05736e-10, 
0.997352, 0.052653, 1.95311e-10, 0.0385792, 3.52721e-10, 0.0385792, 5.51736e-10, 
0.997764, 0.0526527, 8.10359e-11, 0.0385785, 3.43461e-10, 0.0385785, 5.96448e-10, 
0.998112, 0.0526525, 1.18549e-10, 0.038578, 3.65835e-10, 0.038578, 5.63391e-10, 
0.998405, 0.0526524, 1.86577e-10, 0.0385777, 3.9359e-10, 0.0385777, 5.63783e-10, 
0.998653, 0.0526522, 2.27155e-10, 0.0385774, 4.41331e-10, 0.0385774, 5.5134e-10, 
0.998863, 0.0526522, 2.22786e-10, 0.0385772, 4.81884e-10, 0.0385772, 5.34082e-10, 
0.99904, 0.0526521, 2.17793e-10, 0.0385771, 5.06397e-10, 0.0385771, 5.34262e-10, 
0.999189, 0.0526521, 2.1686e-10, 0.038577, 5.30308e-10, 0.038577, 5.35577e-10, 
0.999315, 0.052652, 2.15663e-10, 0.0385769, 5.52881e-10, 0.0385769, 5.39908e-10, 
0.999422, 0.052652, 2.14417e-10, 0.0385769, 5.74575e-10, 0.0385769, 5.38389e-10, 
0.999512, 0.052652, 2.16666e-10, 0.0385768, 5.9206e-10, 0.0385768, 5.37564e-10, 
0.999588, 0.052652, 2.2052e-10, 0.0385768, 5.80115e-10, 0.0385768, 5.37493e-10, 
0.999652, 0.052652, 2.23731e-10, 0.0385768, 5.65407e-10, 0.0385768, 5.36713e-10, 
0.999706, 0.052652, 2.26425e-10, 0.0385768, 5.58749e-10, 0.0385768, 5.36093e-10, 
0.999752, 0.0526519, 2.28683e-10, 0.0385767, 5.52794e-10, 0.0385767, 5.35587e-10, 
0.99979, 0.0526519, 2.29614e-10, 0.0385767, 5.47652e-10, 0.0385767, 5.35301e-10, 
0.999823, 0.0526519, 2.30627e-10, 0.0385767, 5.43345e-10, 0.0385767, 5.35301e-10, 
0.99985, 0.0526519, 2.31969e-10, 0.0385767, 5.39741e-10, 0.0385767, 5.35297e-10, 
0.999874, 0.0526519, 2.32993e-10, 0.0385767, 5.36703e-10, 0.0385767, 5.35302e-10, 
0.999893, 0.0526519, 2.33597e-10, 0.0385767, 5.35776e-10, 0.0385767, 5.35306e-10, 
0.99991, 0.0526519, 2.34106e-10, 0.0385767, 5.35541e-10, 0.0385767, 5.35309e-10, 
0.999924, 0.0526519, 2.34534e-10, 0.0385767, 5.35388e-10, 0.0385767, 5.3531e-10, 
0.999936, 0.0526519, 2.3491e-10, 0.0385767, 5.3537e-10, 0.0385767, 5.35312e-10, 
0.999946, 0.0526519, 2.35183e-10, 0.0385767, 5.35355e-10, 0.0385767, 5.35313e-10, 
0.999954, 0.0526519, 2.35171e-10, 0.0385767, 5.35343e-10, 0.0385767, 5.35313e-10, 
0.999961, 0.0526519, 2.35172e-10, 0.0385767, 5.35332e-10, 0.0385767, 5.35314e-10, 
0.999967, 0.0526519, 2.35172e-10, 0.0385767, 5.35323e-10, 0.0385767, 5.35314e-10, 
0.999972, 0.0526519, 2.35173e-10, 0.0385767, 5.35316e-10, 0.0385767, 5.35314e-10, 
0.999977, 0.0526519, 2.35173e-10, 0.0385767, 5.35315e-10, 0.0385767, 5.35314e-10, 
0.99998, 0.0526519, 2.35173e-10, 0.0385767, 5.35315e-10, 0.0385767, 5.35315e-10, 
0.999983, 0.0526519, 2.35173e-10, 0.0385767, 5.35315e-10, 0.0385767, 5.35315e-10, 
0.999986, 0.0526519, 2.35173e-10, 0.0385767, 5.35315e-10, 0.0385767, 5.35315e-10, 
0.999988, 0.0526519, 2.35173e-10, 0.0385767, 5.35315e-10, 0.0385767, 5.35315e-10, 
