0 0
0.5 0.0180805
1 0.0335223
1.5 0.0458976
2 0.0557144
2.5 0.0634286
3 0.0694447
3.5 0.0740442
4 0.0774805
4.5 0.0799637
5 0.0816474
5.5 0.0826896
6 0.0831908
6.5 0.083256
7 0.0829734
7.5 0.0824098
8 0.0816279
8.5 0.0806761
9 0.0796032
9.5 0.0784408
10 0.0772308
10.5 0.0760016
11 0.0747673
11.5 0.0735853
12 0.0724144
12.5 0.0712964
13 0.0702362
13.5 0.0692448
14 0.0683234
14.5 0.0674898
15 0.066727
15.5 0.0660656
16 0.0654764
16.5 0.0649786
17 0.064544
17.5 0.06422
18 0.0639507
18.5 0.0637635
19 0.0636303
19.5 0.0635683
20 0.0635845
20.5 0.0636178
21 0.0637297
21.5 0.0638942
22 0.064069
22.5 0.0643037
23 0.0645565
23.5 0.0648296
24 0.0651119
24.5 0.0654296
25 0.0657232
25.5 0.0660686
26 0.0663921
26.5 0.0667071
27 0.0670248
27.5 0.0673354
28 0.067621
28.5 0.0679046
29 0.0681774
29.5 0.068424
30 0.0686369
30.5 0.0688367
31 0.0690362
31.5 0.0691791
32 0.069345
32.5 0.0694635
33 0.0695546
33.5 0.0696231
34 0.0696739
34.5 0.0697022
35 0.0696871
35.5 0.0696944
36 0.0696616
36.5 0.069612
37 0.0695403
37.5 0.0694668
38 0.0693647
38.5 0.0692482
39 0.0691511
39.5 0.0690204
40 0.0689087
40.5 0.0687763
41 0.0686244
41.5 0.0685
42 0.068362
42.5 0.0682228
43 0.0680861
43.5 0.0679559
44 0.0678286
44.5 0.0677059
45 0.0675921
45.5 0.0674855
46 0.0673873
46.5 0.0672955
47 0.0671983
47.5 0.0671333
48 0.0670853
48.5 0.0670094
49 0.0669809
49.5 0.0669458
50 0.0669512
50.5 0.0669221
51 0.0669318
51.5 0.066957
52 0.066977
52.5 0.0670069
53 0.067043
53.5 0.0670863
54 0.0671101
54.5 0.0671938
55 0.0672519
55.5 0.0673205
56 0.0673702
56.5 0.0674452
57 0.0675372
57.5 0.06761
58 0.0676847
58.5 0.0677466
59 0.0677999
59.5 0.0678997
60 0.067977
60.5 0.0680456
61 0.0680869
61.5 0.0681706
62 0.0682239
62.5 0.0682731
63 0.0683201
63.5 0.0683602
64 0.0683969
64.5 0.068424
65 0.0684456
65.5 0.0684621
66 0.0684575
66.5 0.0684775
67 0.0684741
67.5 0.0684553
68 0.0684578
68.5 0.0684395
69 0.0684047
69.5 0.0683818
70 0.0683448
70.5 0.0683119
71 0.06829
71.5 0.0682528
72 0.0682101
72.5 0.0681629
73 0.0681112
73.5 0.0680699
74 0.0680272
74.5 0.067978
75 0.0679295
75.5 0.0678857
76 0.067812
76.5 0.0677954
77 0.0677443
77.5 0.0677153
78 0.0676649
78.5 0.0676278
79 0.0676205
