0 0
0.05 0.000744945
0.1 0.00152314
0.15 0.00244872
0.2 0.00350622
0.25 0.00467339
0.3 0.00593863
0.35 0.00728658
0.4 0.00870879
0.45 0.0101904
0.5 0.0117343
0.55 0.0133096
0.6 0.0149551
0.65 0.0166222
0.7 0.0183215
0.75 0.0200484
0.8 0.0217986
0.85 0.0235643
0.9 0.0253488
0.95 0.0271479
1 0.0289789
1.05 0.0307726
1.1 0.0325932
1.15 0.0344184
1.2 0.0362485
1.25 0.0380798
1.3 0.0398998
1.35 0.0417287
1.4 0.0435477
1.45 0.0453603
1.5 0.0471671
1.55 0.0489477
1.6 0.0507541
1.65 0.0525355
1.7 0.0543035
1.75 0.0560623
1.8 0.057809
1.85 0.0595349
1.9 0.0612562
1.95 0.0629573
2 0.0646455
2.05 0.0663227
2.1 0.0679781
2.15 0.0696224
2.2 0.0712457
2.25 0.0728628
2.3 0.0744475
2.35 0.076022
2.4 0.0775764
2.45 0.0791142
2.5 0.0806344
2.55 0.0821381
2.6 0.0836181
2.65 0.0850826
2.7 0.0865297
2.75 0.0879535
2.8 0.0893675
2.85 0.090748
2.9 0.0921165
2.95 0.0934647
3 0.0947979
3.05 0.0961048
3.1 0.0973907
3.15 0.0986617
3.2 0.0999133
3.25 0.101147
3.3 0.102358
3.35 0.103551
3.4 0.104721
3.45 0.105881
3.5 0.107011
3.55 0.108126
3.6 0.109221
3.65 0.110296
3.7 0.111353
3.75 0.112391
3.8 0.113404
3.85 0.114419
3.9 0.115394
3.95 0.116353
4 0.117306
4.05 0.118219
4.1 0.119133
4.15 0.120021
4.2 0.120892
4.25 0.121745
4.3 0.122579
4.35 0.12341
4.4 0.124197
4.45 0.124991
4.5 0.125743
4.55 0.126489
4.6 0.127224
4.65 0.127937
4.7 0.12864
4.75 0.129316
4.8 0.129977
4.85 0.13063
4.9 0.13126
4.95 0.131873
5 0.132474
5.05 0.133059
5.1 0.133635
5.15 0.13418
5.2 0.134717
5.25 0.135239
5.3 0.135749
5.35 0.136241
5.4 0.136721
5.45 0.137176
5.5 0.137634
5.55 0.138067
5.6 0.138491
5.65 0.138896
5.7 0.139289
5.75 0.139676
5.8 0.140033
5.85 0.140391
5.9 0.140732
5.95 0.141059
6 0.141376
6.05 0.14169
6.1 0.141979
6.15 0.142243
6.2 0.142507
6.25 0.142759
6.3 0.142999
6.35 0.143231
6.4 0.143448
6.45 0.143672
6.5 0.14385
6.55 0.144051
6.6 0.144202
6.65 0.14437
6.7 0.144524
6.75 0.144666
6.8 0.144799
6.85 0.144917
6.9 0.145029
6.95 0.145132
7 0.145219
7.05 0.145318
7.1 0.145373
7.15 0.145454
7.2 0.145507
7.25 0.145552
7.3 0.145587
7.35 0.145597
7.4 0.145617
7.45 0.145625
7.5 0.145626
7.55 0.145619
7.6 0.145602
7.65 0.14558
7.7 0.145552
7.75 0.145515
7.8 0.145465
7.85 0.145409
7.9 0.145354
7.95 0.145284
8 0.145214
8.05 0.145125
8.1 0.145041
8.15 0.144947
8.2 0.144841
8.25 0.14473
8.3 0.144619
8.35 0.144497
8.4 0.144371
8.45 0.144234
8.5 0.144095
8.55 0.143973
8.6 0.143823
8.65 0.143667
8.7 0.143506
8.75 0.143339
8.8 0.143167
8.85 0.142974
8.9 0.14279
8.95 0.142606
9 0.142416
9.05 0.142214
9.1 0.142016
9.15 0.141811
9.2 0.141604
9.25 0.141388
9.3 0.141172
9.35 0.140955
9.4 0.140723
9.45 0.140492
9.5 0.140262
9.55 0.140025
9.6 0.139783
9.65 0.139543
9.7 0.139297
9.75 0.139046
9.8 0.138789
9.85 0.138534
9.9 0.138276
9.95 0.138009
