# Parameter : G->GG gs = 1.66238 P = 300 T = 1 z = 0.25
0 0
0.001 0.000181604
0.00209411 0.000341309
0.0032912 0.000503726
0.00460095 0.000684996
0.00603396 0.000895206
0.00760184 0.00113786
0.00931728 0.00141981
0.0111942 0.00174614
0.0132477 0.00212615
0.0154945 0.00257171
0.0179527 0.00308379
0.0206423 0.0036779
0.023585 0.00436573
0.0268047 0.00515648
0.0303274 0.00606643
0.0341816 0.00710661
0.0383986 0.00829795
0.0430125 0.00965747
0.0480605 0.0111962
0.0535837 0.0129546
0.0596266 0.0149335
0.0662383 0.0171707
0.0734723 0.0196748
0.081387 0.022486
0.0900467 0.0256327
0.0995213 0.0291152
0.109888 0.032989
0.12123 0.0372612
0.133639 0.041948
0.147216 0.047074
0.162071 0.0526489
0.178324 0.0586675
0.196107 0.0651536
0.215564 0.0720662
0.236851 0.0793863
0.260142 0.0870956
0.285625 0.095102
0.313506 0.10336
0.344012 0.111751
0.377388 0.12018
0.413905 0.128495
0.45386 0.13653
0.497574 0.144112
0.545403 0.151031
0.597732 0.157089
0.654987 0.162065
0.717631 0.165736
0.78617 0.167951
0.861159 0.168499
0.943206 0.167313
1.03297 0.164362
1.13119 0.159731
1.23865 0.153587
1.35623 0.146259
1.48487 0.138234
1.62561 0.130125
1.77961 0.122593
1.94809 0.116371
2.13243 0.112199
2.33413 0.110551
2.5548 0.111621
2.79624 0.115101
3.06041 0.120253
3.34943 0.125764
3.66566 0.130162
4.01165 0.132098
4.3902 0.131043
4.80438 0.127637
5.25754 0.123773
5.75334 0.121741
6.29581 0.122753
6.88934 0.125669
7.53872 0.127628
8.24921 0.126665
9.02658 0.124335
9.87711 0.12416
10.8077 0.12604
11.8258 0.126133
12.9398 0.124628
14.1586 0.125395
15.4921 0.125858
16.9512 0.124894
18.5475 0.12577
20.2941 0.12509
22.205 0.125648
24.2958 0.125139
26.5834 0.12556
29.0863 0.125397
31.8247 0.125232
