0 0
0.005 0.000681833
0.01 0.00137226
0.015 0.00215342
0.02 0.00299884
0.025 0.00387638
0.03 0.00478219
0.035 0.00568629
0.04 0.00657621
0.045 0.00744344
0.05 0.00828843
0.055 0.00908711
0.06 0.00984358
0.065 0.0105764
0.07 0.0112572
0.075 0.0118868
0.08 0.0124611
0.085 0.0129985
0.09 0.0134817
0.095 0.0139195
0.1 0.0143226
0.105 0.0146712
0.11 0.0149835
0.115 0.0152545
0.12 0.0154926
0.125 0.0156975
0.13 0.0158691
0.135 0.0160155
0.14 0.0161321
0.145 0.0162342
0.15 0.0163037
0.155 0.0163567
0.16 0.0163887
0.165 0.0164126
0.17 0.01641
0.175 0.016406
0.18 0.0163941
0.185 0.0163743
0.19 0.0163432
0.195 0.0163013
0.2 0.0162618
0.205 0.01622
0.21 0.0161755
0.215 0.0161311
0.22 0.0160763
0.225 0.016028
0.23 0.015982
0.235 0.0159337
0.24 0.0158943
0.245 0.0158555
0.25 0.0158025
0.255 0.015759
0.26 0.0157258
0.265 0.0156939
0.27 0.0156667
0.275 0.0156184
0.28 0.0156015
0.285 0.0155857
0.29 0.0155669
0.295 0.0155403
0.3 0.0155278
0.305 0.0155129
0.31 0.0155039
0.315 0.0154859
0.32 0.0154841
0.325 0.0154788
0.33 0.0154732
0.335 0.0154616
0.34 0.0154647
0.345 0.0154487
0.35 0.0154498
0.355 0.0154475
0.36 0.0154672
0.365 0.0154663
0.37 0.0154661
0.375 0.0154712
0.38 0.0154667
0.385 0.0154674
0.39 0.0154742
0.395 0.0154776
0.4 0.0154874
0.405 0.0154913
0.41 0.0154874
0.415 0.0154987
0.42 0.0155024
0.425 0.0155015
0.43 0.015507
0.435 0.0155092
0.44 0.0155102
0.445 0.0155097
0.45 0.0155111
0.455 0.0155142
0.46 0.0155164
0.465 0.0155262
0.47 0.0155127
0.475 0.0155257
0.48 0.0155204
0.485 0.0155333
0.49 0.0155337
0.495 0.0155244
0.5 0.0155375
0.505 0.0155366
0.51 0.01553
0.515 0.0155297
0.52 0.0155371
0.525 0.015536
0.53 0.0155374
0.535 0.0155387
0.54 0.0155363
0.545 0.0155375
0.55 0.0155328
0.555 0.0155243
0.56 0.0155307
0.565 0.0155277
0.57 0.0155281
0.575 0.0155369
0.58 0.0155371
0.585 0.0155224
0.59 0.0155335
0.595 0.0155274
0.6 0.0155238
0.605 0.0155366
0.61 0.0155239
0.615 0.0155314
0.62 0.0155308
0.625 0.0155236
0.63 0.0155249
0.635 0.0155324
0.64 0.0155329
0.645 0.0155224
0.65 0.0155376
0.655 0.0155264
0.66 0.015525
0.665 0.015527
0.67 0.0155242
0.675 0.0155278
0.68 0.0155325
0.685 0.0155302
0.69 0.0155308
0.695 0.0155242
0.7 0.0155194
0.705 0.0155193
0.71 0.015524
0.715 0.0155215
0.72 0.0155248
0.725 0.0155209
0.73 0.0155192
0.735 0.0155223
0.74 0.0155284
0.745 0.0155263
0.75 0.0155242
0.755 0.0155189
0.76 0.0155316
0.765 0.0155197
0.77 0.015531
0.775 0.0155247
0.78 0.0155216
0.785 0.0155323
0.79 0.0155321
0.795 0.0155329
0.8 0.015531
0.805 0.0155309
0.81 0.0155332
0.815 0.0155317
0.82 0.0155317
0.825 0.0155311
0.83 0.0155328
0.835 0.0155342
0.84 0.0155211
0.845 0.0155232
0.85 0.0155229
0.855 0.0155264
0.86 0.0155214
0.865 0.015533
0.87 0.0155216
0.875 0.0155324
0.88 0.0155228
0.885 0.0155306
0.89 0.0155347
0.895 0.0155249
0.9 0.0155244
0.905 0.0155312
0.91 0.0155082
0.915 0.0155214
0.92 0.015523
0.925 0.015523
0.93 0.0155307
0.935 0.0155346
0.94 0.0155335
0.945 0.0155186
0.95 0.0155211
0.955 0.015534
0.96 0.0155318
0.965 0.0155311
0.97 0.0155307
0.975 0.0155321
0.98 0.0155322
0.985 0.0155328
0.99 0.0155345
0.995 0.0155259
