# Parameter : G->GG gs = 1.66238 P = 300 T = 1 z = 0.25 mDSqr= 4.14527 Qs^2 = 20.1586 q0= 0.777193 q3= 7.22437 muSqr= 0.444905
# Columns: 1- Time: T^2 t/(P*z*(1-z))    2- 1/(T P(z)) dGamma/dz 
0.000888889 0.00052553 
0.00177778 0.000286307 
0.00266667 0.000300152 
0.00355556 0.000696102 
0.00444444 0.000466588 
0.00533333 0.000934448 
0.00622222 0.000699813 
0.00711111 0.000990821 
0.008 0.000978095 
0.00888889 0.0013174 
0.00977778 0.00120612 
0.0106667 0.00163008 
0.0115556 0.00158222 
0.0124444 0.00182275 
0.0133333 0.00202805 
0.0142222 0.00237993 
0.0151111 0.00252944 
0.016 0.00262114 
0.0168889 0.00306183 
0.0177778 0.00344098 
0.0186667 0.00355207 
0.0195556 0.00403188 
0.0204444 0.00419838 
0.0213333 0.00476571 
0.0222222 0.00502731 
0.0231111 0.00546739 
0.024 0.00584687 
0.0248889 0.00624979 
0.0257778 0.00680809 
0.0266667 0.0072425 
0.0275556 0.00755219 
0.0284444 0.00823067 
0.0293333 0.00861144 
0.0302222 0.00912074 
0.0311111 0.00962458 
0.032 0.0100792 
0.0328889 0.0106509 
0.0337778 0.011208 
0.0346667 0.0115045 
0.0355556 0.0120811 
0.0364444 0.0126723 
0.0373333 0.0129734 
0.0382222 0.0135742 
0.0391111 0.0138885 
0.04 0.0144542 
0.0408889 0.0148161 
0.0417778 0.0152336 
0.0426667 0.0154914 
0.0435556 0.0160357 
0.0444444 0.0163081 
0.0453333 0.0165779 
0.0462222 0.0168217 
0.0471111 0.0171685 
0.048 0.0174993 
0.0488889 0.0176596 
0.0497778 0.0178159 
0.0506667 0.0180372 
0.0515556 0.0182442 
0.0524444 0.0184346 
0.0533333 0.0185001 
0.0542222 0.018743 
0.0551111 0.0186871 
0.056 0.0188249 
0.0568889 0.0189413 
0.0577778 0.0189234 
0.0586667 0.0191868 
0.0595556 0.0188889 
0.0604444 0.0190898 
0.0613333 0.0190485 
0.0622222 0.0190669 
0.0631111 0.0191192 
0.064 0.0190749 
0.0648889 0.0190149 
0.0657778 0.0189084 
0.0666667 0.0190276 
0.0675556 0.0189186 
0.0684444 0.0189592 
0.0693333 0.0188485 
0.0702222 0.0187375 
0.0711111 0.0187675 
0.072 0.0187349 
0.0728889 0.0187028 
0.0737778 0.0185825 
0.0746667 0.0185952 
0.0755556 0.0183644 
0.0764444 0.0185213 
0.0773333 0.0182764 
0.0782222 0.018344 
0.0791111 0.0182341 
0.08 0.0181492 
0.0808889 0.0181305 
0.0817778 0.0180459 
0.0826667 0.0180203 
0.0835556 0.0179168 
0.0844444 0.0180529 
0.0853333 0.0178185 
0.0862222 0.0176893 
0.0871111 0.0177342 
0.088 0.0177638 
0.0888889 0.0177797 
0.0897778 0.0176099 
0.0906667 0.0176009 
0.0915556 0.0175327 
0.0924444 0.0174622 
0.0933333 0.01742 
0.0942222 0.017384 
0.0951111 0.0174053 
0.096 0.0174071 
0.0968889 0.0174084 
0.0977778 0.0173305 
0.0986667 0.0172887 
0.0995556 0.0172446 
0.100444 0.0172204 
0.101333 0.0171278 
0.102222 0.0171192 
0.103111 0.0171926 
0.104 0.017208 
0.104889 0.0171467 
0.105778 0.0171551 
0.106667 0.0171087 
0.107556 0.0170412 
0.108444 0.0170786 
0.109333 0.0170965 
0.110222 0.0170703 
0.111111 0.0170748 
0.112 0.0169831 
0.112889 0.0169612 
0.113778 0.0170805 
0.114667 0.0170507 
0.115556 0.0170298 
0.116444 0.0169298 
0.117333 0.0170369 
0.118222 0.0172205 
0.119111 0.0169028 
0.12 0.0170451 
0.120889 0.0170418 
0.121778 0.0170454 
0.122667 0.0169556 
0.123556 0.0170602 
0.124444 0.0169514 
0.125333 0.0171083 
0.126222 0.016955 
0.127111 0.0170598 
0.128 0.0170847 
0.128889 0.0170692 
0.129778 0.0169836 
0.130667 0.0170188 
0.131556 0.0171241 
0.132444 0.0170792 
0.133333 0.017105 
0.134222 0.0170499 
0.135111 0.017 
0.136 0.0171788 
0.136889 0.0171322 
0.137778 0.0170978 
0.138667 0.0170722 
0.139556 0.0171439 
0.140444 0.0170911 
0.141333 0.0171182 
0.142222 0.0172477 
0.143111 0.017068 
0.144 0.0172048 
0.144889 0.0171654 
0.145778 0.017127 
0.146667 0.0171304 
0.147556 0.0172538 
0.148444 0.0170845 
0.149333 0.0172372 
0.150222 0.01726 
0.151111 0.0172142 
0.152 0.0171026 
0.152889 0.0172286 
0.153778 0.0172302 
0.154667 0.017132 
0.155556 0.0172064 
0.156444 0.0172307 
0.157333 0.017215 
0.158222 0.0172431 
0.159111 0.017204 
0.16 0.0171939 
0.160889 0.0172489 
0.161778 0.0172869 
0.162667 0.0172724 
0.163556 0.0171708 
0.164444 0.0172406 
0.165333 0.0172605 
0.166222 0.0173393 
0.167111 0.0172227 
0.168 0.0171988 
0.168889 0.0173519 
0.169778 0.0173063 
0.170667 0.0171296 
0.171556 0.0173319 
0.172444 0.0171681 
0.173333 0.0172499 
0.174222 0.0172809 
0.175111 0.0172818 
0.176 0.017289 
0.176889 0.0172895 
0.177778 0.0172899 
0.178667 0.01732 
0.179556 0.0172089 
0.180444 0.0173499 
0.181333 0.0173236 
0.182222 0.0172809 
0.183111 0.0172322 
0.184 0.0173097 
0.184889 0.0173259 
0.185778 0.0171605 
0.186667 0.017328 
0.187556 0.0172433 
0.188444 0.0172909 
0.189333 0.0171192 
0.190222 0.0172878 
0.191111 0.0172623 
0.192 0.0173384 
0.192889 0.0172686 
0.193778 0.0172743 
0.194667 0.0173679 
0.195556 0.0172875 
0.196444 0.0173157 
0.197333 0.0172236 
0.198222 0.0172844 
0.199111 0.0172469 
0.2 0.0173346 
0.200889 0.0172806 
0.201778 0.0171697 
0.202667 0.0171903 
0.203556 0.0172968 
0.204444 0.0173124 
0.205333 0.017109 
0.206222 0.0173656 
0.207111 0.0172187 
0.208 0.0172255 
0.208889 0.0173727 
0.209778 0.0172144 
0.210667 0.0174053 
0.211556 0.0171544 
0.212444 0.0172733 
0.213333 0.0172948 
0.214222 0.0172278 
0.215111 0.0172846 
0.216 0.0171689 
0.216889 0.0172405 
0.217778 0.0171901 
0.218667 0.0173076 
0.219556 0.0173543 
0.220444 0.0172899 
0.221333 0.017203 
0.222222 0.0172583 
0.223111 0.01727 
0.224 0.0171325 
0.224889 0.0172754 
0.225778 0.0172606 
0.226667 0.0172224 
0.227556 0.0173749 
0.228444 0.0171726 
0.229333 0.017278 
0.230222 0.0172449 
0.231111 0.017188 
0.232 0.0172072 
0.232889 0.017237 
0.233778 0.0172395 
0.234667 0.0173475 
0.235556 0.017223 
0.236444 0.0172809 
0.237333 0.0173636 
0.238222 0.0171961 
0.239111 0.0172726 
0.24 0.0171984 
0.240889 0.0171678 
0.241778 0.0172818 
0.242667 0.017326 
0.243556 0.0172142 
0.244444 0.017268 
0.245333 0.0171297 
0.246222 0.0173252 
0.247111 0.0172263 
0.248 0.0172645 
0.248889 0.017141 
0.249778 0.0172327 
0.250667 0.0172369 
0.251556 0.0172816 
0.252444 0.0172358 
0.253333 0.0172646 
0.254222 0.0172326 
0.255111 0.017379 
0.256 0.0172208 
0.256889 0.0172577 
0.257778 0.0171495 
0.258667 0.0172098 
0.259556 0.0172679 
0.260444 0.0172431 
0.261333 0.0172814 
0.262222 0.0171837 
0.263111 0.0172898 
0.264 0.017109 
0.264889 0.0173093 
0.265778 0.0172571 
0.266667 0.0173058 
0.267556 0.0172421 
0.268444 0.017323 
0.269333 0.0171182 
0.270222 0.0172362 
0.271111 0.0170655 
0.272 0.0172709 
0.272889 0.0174596 
0.273778 0.0171999 
0.274667 0.017259 
0.275556 0.0172136 
0.276444 0.0172424 
0.277333 0.0172768 
0.278222 0.0171617 
0.279111 0.0173972 
0.28 0.0172833 
0.280889 0.017211 
0.281778 0.0171342 
0.282667 0.0171715 
0.283556 0.0172396 
0.284444 0.017422 
0.285333 0.0173257 
0.286222 0.0171517 
0.287111 0.0172309 
0.288 0.0181032 
0.288889 0.016458 
0.289778 0.0172047 
0.290667 0.0173532 
0.291556 0.0172582 
0.292444 0.0173214 
0.293333 0.0170437 
0.294222 0.0166451 
0.295111 0.017749 
0.296 0.017392 
0.296889 0.0171847 
0.297778 0.0167134 
0.298667 0.0172069 
0.299556 0.0179843 
0.300444 0.0171916 
0.301333 0.0172734 
0.302222 0.0172298 
0.303111 0.0172614 
0.304 0.0171206 
0.304889 0.017296 
0.305778 0.0172436 
0.306667 0.0171819 
0.307556 0.0173495 
0.308444 0.0170432 
0.309333 0.0174896 
0.310222 0.0171764 
0.311111 0.0172486 
0.312 0.0171965 
0.312889 0.0171468 
0.313778 0.0174857 
0.314667 0.0172584 
0.315556 0.0172228 
0.316444 0.0172461 
0.317333 0.0172045 
0.318222 0.0172597 
0.319111 0.0171598 
0.32 0.017295 
0.320889 0.0171722 
0.321778 0.0172733 
0.322667 0.0172703 
0.323556 0.0172704 
0.324444 0.0172356 
0.325333 0.0171518 
0.326222 0.0172638 
0.327111 0.0173589 
0.328 0.0171938 
0.328889 0.0171869 
0.329778 0.017538 
0.330667 0.0170611 
0.331556 0.0172325 
0.332444 0.0173761 
0.333333 0.01714 
0.334222 0.0170604 
0.335111 0.0174569 
0.336 0.017093 
0.336889 0.0176066 
0.337778 0.0168713 
0.338667 0.017186 
0.339556 0.0172427 
0.340444 0.0172002 
0.341333 0.0172914 
0.342222 0.0172375 
0.343111 0.0172401 
0.344 0.0174465 
0.344889 0.017152 
0.345778 0.0171262 
0.346667 0.0172319 
0.347556 0.0172777 
0.348444 0.0172664 
0.349333 0.0172886 
0.350222 0.0171821 
0.351111 0.0172848 
0.352 0.0173428 
0.352889 0.0170838 
0.353778 0.017366 
0.354667 0.0172843 
0.355556 0.0173016 
0.356444 0.0173005 
0.357333 0.0171265 
0.358222 0.0173006 
0.359111 0.0172501 
0.36 0.0171391 
0.360889 0.0172429 
0.361778 0.0173802 
0.362667 0.0174698 
0.363556 0.0171058 
0.364444 0.017371 
0.365333 0.0172357 
0.366222 0.0172588 
0.367111 0.0171864 
0.368 0.0173403 
0.368889 0.0171485 
0.369778 0.0173342 
0.370667 0.0171796 
0.371556 0.0172542 
0.372444 0.0173138 
0.373333 0.0171408 
0.374222 0.0171905 
0.375111 0.017377 
0.376 0.0170604 
0.376889 0.0172084 
0.377778 0.0173026 
0.378667 0.0171716 
0.379556 0.0171925 
0.380444 0.0171311 
0.381333 0.0172465 
0.382222 0.0172876 
0.383111 0.0171464 
0.384 0.0175547 
0.384889 0.0172267 
0.385778 0.0171495 
0.386667 0.0172824 
0.387556 0.0172793 
0.388444 0.0172417 
0.389333 0.0173158 
0.390222 0.0172888 
0.391111 0.0172386 
0.392 0.0172191 
0.392889 0.0173311 
0.393778 0.017881 
0.394667 0.0165932 
0.395556 0.0171891 
0.396444 0.0172279 
0.397333 0.0172612 
0.398222 0.0173869 
0.399111 0.0171635 
0.4 0.0177557 
0.400889 0.0168319 
0.401778 0.017361 
0.402667 0.0170948 
0.403556 0.0171336 
0.404444 0.0172031 
0.405333 0.0172264 
0.406222 0.0172244 
0.407111 0.0172134 
0.408 0.0172859 
0.408889 0.0172393 
0.409778 0.0171707 
0.410667 0.0172249 
0.411556 0.0171809 
0.412444 0.0174059 
0.413333 0.0172645 
0.414222 0.0171763 
0.415111 0.0172682 
0.416 0.0171991 
0.416889 0.0171994 
0.417778 0.0175616 
0.418667 0.0172164 
0.419556 0.0169503 
0.420444 0.0172109 
0.421333 0.0172963 
0.422222 0.0172603 
0.423111 0.017152 
0.424 0.0171056 
0.424889 0.0174201 
0.425778 0.0171026 
0.426667 0.0174735 
0.427556 0.017233 
0.428444 0.0172186 
0.429333 0.0173341 
0.430222 0.0171296 
0.431111 0.0172358 
0.432 0.0173681 
0.432889 0.0171951 
0.433778 0.0172209 
0.434667 0.0173136 
0.435556 0.0171419 
0.436444 0.0173627 
0.437333 0.0172304 
0.438222 0.0174099 
0.439111 0.017192 
0.44 0.0173165 
0.440889 0.0172526 
0.441778 0.0174614 
0.442667 0.0171247 
0.443556 0.0172871 
0.444444 0.017336 
0.445333 0.0171717 
0.446222 0.017308 
0.447111 0.01723 
0.448 0.017161 
0.448889 0.0172419 
0.449778 0.0172865 
0.450667 0.0171783 
0.451556 0.0174373 
0.452444 0.0171332 
0.453333 0.0172666 
0.454222 0.0175039 
0.455111 0.0170067 
0.456 0.017248 
0.456889 0.017433 
0.457778 0.0169194 
0.458667 0.0170561 
0.459556 0.0172768 
0.460444 0.0171388 
0.461333 0.0173114 
0.462222 0.0172397 
0.463111 0.0172399 
0.464 0.0170971 
0.464889 0.017287 
0.465778 0.0172294 
0.466667 0.0173025 
0.467556 0.0170531 
0.468444 0.0174003 
0.469333 0.0172891 
0.470222 0.0172165 
0.471111 0.0173505 
0.472 0.017257 
0.472889 0.0174449 
0.473778 0.0171627 
0.474667 0.0171087 
0.475556 0.0173153 
0.476444 0.0173084 
0.477333 0.0173942 
0.478222 0.017219 
0.479111 0.0173011 
0.48 0.0171455 
0.480889 0.0172956 
0.481778 0.0171176 
0.482667 0.0173101 
0.483556 0.0173163 
0.484444 0.0173295 
0.485333 0.0172565 
0.486222 0.0172678 
0.487111 0.0172798 
0.488 0.017138 
0.488889 0.0173264 
0.489778 0.017248 
0.490667 0.0171604 
0.491556 0.0172799 
0.492444 0.0172544 
0.493333 0.0173582 
0.494222 0.017195 
0.495111 0.0172523 
0.496 0.0171779 
0.496889 0.0173376 
0.497778 0.0172346 
0.498667 0.0172903 
0.499556 0.0174072 
0.500444 0.0169984 
0.501333 0.0171234 
0.502222 0.0170365 
0.503111 0.0173373 
0.504 0.0171136 
0.504889 0.0170268 
0.505778 0.0178013 
0.506667 0.0158995 
0.507556 0.0187757 
0.508444 0.0170968 
0.509333 0.0171279 
0.510222 0.0172857 
0.511111 0.0173444 
0.512 0.0172034 
0.512889 0.0171897 
0.513778 0.0170922 
0.514667 0.0173184 
0.515556 0.0173192 
0.516444 0.0172793 
0.517333 0.0173084 
0.518222 0.0170619 
0.519111 0.0172087 
0.52 0.0174202 
0.520889 0.0172087 
0.521778 0.0172926 
0.522667 0.0171028 
0.523556 0.0173162 
0.524444 0.017342 
0.525333 0.0172066 
0.526222 0.0172351 
0.527111 0.0171302 
0.528 0.0172026 
0.528889 0.0170728 
0.529778 0.0175888 
0.530667 0.0177997 
0.531556 0.0166195 
0.532444 0.0166195 
