# Parameter : Q->GQ gs = 1.66238 P = 300 T = 1 z = 0.25 mDSqr= 4.14527 Qs^2 = 19.6581 q0= 0.777193 q3= 6.87004 muSqr= 0.444905
# Columns: 1- Time: T^2 t/(P*z*(1-z))    2- 1/(g^4T P(z)) dGamma/dz 
0.000888889 0.000540048 
0.00177778 0.000214848 
0.00266667 0.000224184 
0.00355556 0.000639138 
0.00444444 0.000520277 
0.00533333 0.000759546 
0.00622222 0.000706004 
0.00711111 0.000867336 
0.008 0.000891183 
0.00888889 0.00118853 
0.00977778 0.00117647 
0.0106667 0.00146572 
0.0115556 0.00147915 
0.0124444 0.00155917 
0.0133333 0.00192078 
0.0142222 0.00214816 
0.0151111 0.00232639 
0.016 0.00244242 
0.0168889 0.00277543 
0.0177778 0.00316908 
0.0186667 0.00330399 
0.0195556 0.00367124 
0.0204444 0.00388258 
0.0213333 0.00436116 
0.0222222 0.00458166 
0.0231111 0.00498031 
0.024 0.00545215 
0.0248889 0.00571878 
0.0257778 0.00623971 
0.0266667 0.00661107 
0.0275556 0.00699949 
0.0284444 0.00760425 
0.0293333 0.00793996 
0.0302222 0.00843261 
0.0311111 0.00888094 
0.032 0.00926963 
0.0328889 0.00993263 
0.0337778 0.01031 
0.0346667 0.0107017 
0.0355556 0.0112438 
0.0364444 0.0118058 
0.0373333 0.0121109 
0.0382222 0.0127113 
0.0391111 0.012982 
0.04 0.0135315 
0.0408889 0.0138601 
0.0417778 0.0143446 
0.0426667 0.0145245 
0.0435556 0.0151733 
0.0444444 0.0153138 
0.0453333 0.0156916 
0.0462222 0.0159723 
0.0471111 0.0163161 
0.048 0.0165548 
0.0488889 0.0168469 
0.0497778 0.0169998 
0.0506667 0.0172353 
0.0515556 0.0174293 
0.0524444 0.017696 
0.0533333 0.0177074 
0.0542222 0.0179516 
0.0551111 0.0180165 
0.056 0.018089 
0.0568889 0.0182614 
0.0577778 0.0182312 
0.0586667 0.0185159 
0.0595556 0.0183625 
0.0604444 0.0184389 
0.0613333 0.0184715 
0.0622222 0.0185704 
0.0631111 0.018521 
0.064 0.0184412 
0.0648889 0.018466 
0.0657778 0.018477 
0.0666667 0.0185006 
0.0675556 0.0184767 
0.0684444 0.0183944 
0.0693333 0.0184003 
0.0702222 0.0183257 
0.0711111 0.0183115 
0.072 0.018245 
0.0728889 0.0182388 
0.0737778 0.0181934 
0.0746667 0.0181644 
0.0755556 0.0179434 
0.0764444 0.0180462 
0.0773333 0.0179177 
0.0782222 0.0179083 
0.0791111 0.0178749 
0.08 0.0177132 
0.0808889 0.017722 
0.0817778 0.0176824 
0.0826667 0.0176429 
0.0835556 0.0175175 
0.0844444 0.0176495 
0.0853333 0.0174377 
0.0862222 0.0173091 
0.0871111 0.017348 
0.088 0.0173442 
0.0888889 0.0174012 
0.0897778 0.0171779 
0.0906667 0.0171496 
0.0915556 0.0171147 
0.0924444 0.017131 
0.0933333 0.0170739 
0.0942222 0.0169801 
0.0951111 0.0169839 
0.096 0.0169997 
0.0968889 0.0169381 
0.0977778 0.0169512 
0.0986667 0.0168498 
0.0995556 0.0168693 
0.100444 0.0167883 
0.101333 0.0167692 
0.102222 0.0166278 
0.103111 0.0167958 
0.104 0.0167784 
0.104889 0.016665 
0.105778 0.0167927 
0.106667 0.0165873 
0.107556 0.0166396 
0.108444 0.0165713 
0.109333 0.0166773 
0.110222 0.0166091 
0.111111 0.0166201 
0.112 0.0165061 
0.112889 0.0165275 
0.113778 0.016584 
0.114667 0.0166556 
0.115556 0.0164774 
0.116444 0.0164606 
0.117333 0.0165744 
0.118222 0.016712 
0.119111 0.0164827 
0.12 0.0165412 
0.120889 0.0165798 
0.121778 0.0165267 
0.122667 0.0164758 
0.123556 0.016537 
0.124444 0.016482 
0.125333 0.0166482 
0.126222 0.0164693 
0.127111 0.0165239 
0.128 0.0166051 
0.128889 0.0165111 
0.129778 0.0164624 
0.130667 0.0165373 
0.131556 0.0166232 
0.132444 0.0165612 
0.133333 0.0165432 
0.134222 0.0166024 
0.135111 0.0164932 
0.136 0.0166605 
0.136889 0.0166087 
0.137778 0.016597 
0.138667 0.0165673 
0.139556 0.0166151 
0.140444 0.0165584 
0.141333 0.0166657 
0.142222 0.0166715 
0.143111 0.0165867 
0.144 0.0167096 
0.144889 0.0166114 
0.145778 0.0166257 
0.146667 0.016571 
0.147556 0.0167451 
0.148444 0.0166104 
0.149333 0.0167193 
0.150222 0.0166666 
0.151111 0.0166963 
0.152 0.0165894 
0.152889 0.0167303 
0.153778 0.0167042 
0.154667 0.0166182 
0.155556 0.0167528 
0.156444 0.016686 
0.157333 0.0166866 
0.158222 0.0167087 
0.159111 0.0167701 
0.16 0.0166533 
0.160889 0.0167134 
0.161778 0.0167685 
0.162667 0.016743 
0.163556 0.0167187 
0.164444 0.0167233 
0.165333 0.0167428 
0.166222 0.0167899 
0.167111 0.0166777 
0.168 0.0167638 
0.168889 0.0168044 
0.169778 0.0168372 
0.170667 0.0166985 
0.171556 0.0167854 
0.172444 0.0166871 
0.173333 0.0166754 
0.174222 0.0168034 
0.175111 0.0167223 
0.176 0.0168342 
0.176889 0.0167781 
0.177778 0.0167747 
0.178667 0.0168259 
0.179556 0.0166873 
0.180444 0.0168137 
0.181333 0.0168261 
0.182222 0.016786 
0.183111 0.0167161 
0.184 0.0167912 
0.184889 0.0168063 
0.185778 0.01671 
0.186667 0.0168242 
0.187556 0.0167975 
0.188444 0.0168288 
0.189333 0.016703 
0.190222 0.0167138 
0.191111 0.0167502 
0.192 0.0168149 
0.192889 0.0167659 
0.193778 0.0167595 
0.194667 0.0168461 
0.195556 0.0167976 
0.196444 0.0168379 
0.197333 0.0166695 
0.198222 0.0168316 
0.199111 0.0167241 
0.2 0.0169332 
0.200889 0.0167409 
0.201778 0.0166769 
0.202667 0.0167098 
0.203556 0.0168974 
0.204444 0.0167364 
0.205333 0.016674 
0.206222 0.0168206 
0.207111 0.0167614 
0.208 0.0167819 
0.208889 0.0168009 
0.209778 0.016735 
0.210667 0.0167986 
0.211556 0.0168079 
0.212444 0.0167305 
0.213333 0.0167842 
0.214222 0.016759 
0.215111 0.0167615 
0.216 0.0167442 
0.216889 0.016677 
0.217778 0.0166941 
0.218667 0.0168789 
0.219556 0.0168393 
0.220444 0.0167821 
0.221333 0.0166945 
0.222222 0.0168132 
0.223111 0.0167357 
0.224 0.016655 
0.224889 0.016725 
0.225778 0.0167464 
0.226667 0.0167439 
0.227556 0.0168475 
0.228444 0.0166771 
0.229333 0.0168386 
0.230222 0.016772 
0.231111 0.0167385 
0.232 0.0166515 
0.232889 0.0167126 
0.233778 0.016786 
0.234667 0.0168164 
0.235556 0.016735 
0.236444 0.0167914 
0.237333 0.0168709 
0.238222 0.0167661 
0.239111 0.0167362 
0.24 0.0166975 
0.240889 0.0166516 
0.241778 0.0168922 
0.242667 0.0167931 
0.243556 0.01667 
0.244444 0.0167875 
0.245333 0.0167016 
0.246222 0.0168012 
0.247111 0.0167244 
0.248 0.0167726 
0.248889 0.0166763 
0.249778 0.0167403 
0.250667 0.016733 
0.251556 0.0168304 
0.252444 0.0167717 
0.253333 0.0166808 
0.254222 0.0167588 
0.255111 0.0168369 
0.256 0.016785 
0.256889 0.0166684 
0.257778 0.0166867 
0.258667 0.0166318 
0.259556 0.0168551 
0.260444 0.0167065 
0.261333 0.0168956 
0.262222 0.0167127 
0.263111 0.016738 
0.264 0.0166586 
0.264889 0.0167544 
0.265778 0.016749 
0.266667 0.0167633 
0.267556 0.0167451 
0.268444 0.0168376 
0.269333 0.0166512 
0.270222 0.0163398 
0.271111 0.0170368 
0.272 0.0168239 
0.272889 0.0168998 
0.273778 0.0166948 
0.274667 0.0166556 
0.275556 0.0167528 
0.276444 0.0167332 
0.277333 0.0168785 
0.278222 0.0166009 
0.279111 0.0169018 
0.28 0.016691 
0.280889 0.0167337 
0.281778 0.0166719 
0.282667 0.0167998 
0.283556 0.0168527 
0.284444 0.016772 
0.285333 0.0167896 
0.286222 0.0167313 
0.287111 0.016689 
0.288 0.0167473 
0.288889 0.016847 
0.289778 0.01667 
0.290667 0.016726 
0.291556 0.0168194 
0.292444 0.0168782 
0.293333 0.0165458 
0.294222 0.0166213 
0.295111 0.0166989 
0.296 0.0169457 
0.296889 0.0166757 
0.297778 0.016852 
0.298667 0.0167418 
0.299556 0.0168909 
0.300444 0.016723 
0.301333 0.0167742 
0.302222 0.0167503 
0.303111 0.0167242 
0.304 0.016683 
0.304889 0.0167139 
0.305778 0.0167681 
0.306667 0.0165901 
0.307556 0.0167212 
0.308444 0.0168505 
0.309333 0.0168013 
0.310222 0.0166723 
0.311111 0.0167728 
0.312 0.0167561 
0.312889 0.0166801 
0.313778 0.0168852 
0.314667 0.0167465 
0.315556 0.0167781 
0.316444 0.0167519 
0.317333 0.0166482 
0.318222 0.0168275 
0.319111 0.0167367 
0.32 0.0167383 
0.320889 0.0167147 
0.321778 0.01681 
0.322667 0.0167062 
0.323556 0.0167725 
0.324444 0.0168518 
0.325333 0.0165614 
0.326222 0.0167736 
0.327111 0.0170961 
0.328 0.0163889 
0.328889 0.0167339 
0.329778 0.0170468 
0.330667 0.0165816 
0.331556 0.0166888 
0.332444 0.0169002 
0.333333 0.0166421 
0.334222 0.0167678 
0.335111 0.0167153 
0.336 0.0166559 
0.336889 0.0172205 
0.337778 0.0161988 
0.338667 0.016669 
0.339556 0.0168812 
0.340444 0.0167914 
0.341333 0.0168391 
0.342222 0.0167051 
0.343111 0.0167701 
0.344 0.0167897 
0.344889 0.016631 
0.345778 0.0166972 
0.346667 0.0171742 
0.347556 0.0162738 
0.348444 0.0166407 
0.349333 0.0168975 
0.350222 0.016722 
0.351111 0.0168233 
0.352 0.0168758 
0.352889 0.016575 
0.353778 0.0168828 
0.354667 0.0167699 
0.355556 0.0170964 
0.356444 0.0164551 
0.357333 0.0166332 
0.358222 0.0167517 
0.359111 0.0167519 
0.36 0.016674 
0.360889 0.0168569 
0.361778 0.0167243 
0.362667 0.0166314 
0.363556 0.016697 
0.364444 0.0171684 
0.365333 0.0167182 
0.366222 0.0166989 
0.367111 0.0165878 
0.368 0.0167921 
0.368889 0.0167173 
0.369778 0.0168397 
0.370667 0.0167714 
0.371556 0.0167363 
0.372444 0.0166856 
0.373333 0.0167133 
0.374222 0.0168209 
0.375111 0.0167993 
0.376 0.0167126 
0.376889 0.0167431 
0.377778 0.0167776 
0.378667 0.0166168 
0.379556 0.0168877 
0.380444 0.0167972 
0.381333 0.0165189 
0.382222 0.0167101 
0.383111 0.0166645 
0.384 0.0169771 
0.384889 0.0166354 
0.385778 0.0166888 
0.386667 0.0168052 
0.387556 0.0167672 
0.388444 0.0167309 
0.389333 0.0168322 
0.390222 0.0167589 
0.391111 0.0167028 
0.392 0.0168308 
0.392889 0.0167713 
0.393778 0.0168279 
0.394667 0.0166705 
0.395556 0.016655 
0.396444 0.0167839 
0.397333 0.0168742 
0.398222 0.0167987 
0.399111 0.0167789 
0.4 0.0167842 
0.400889 0.0167737 
0.401778 0.0166308 
0.402667 0.0167869 
0.403556 0.0166114 
0.404444 0.0168289 
0.405333 0.0167864 
0.406222 0.0167534 
0.407111 0.0168564 
0.408 0.0167592 
0.408889 0.0165663 
0.409778 0.0166331 
0.410667 0.0167581 
0.411556 0.0167744 
0.412444 0.0168805 
0.413333 0.0167112 
0.414222 0.0169029 
0.415111 0.0166144 
0.416 0.0167022 
0.416889 0.0168017 
0.417778 0.0168401 
0.418667 0.0168067 
0.419556 0.0165354 
0.420444 0.0167764 
0.421333 0.0167479 
0.422222 0.0191003 
0.423111 0.0143048 
0.424 0.0166304 
0.424889 0.0169328 
0.425778 0.0166318 
0.426667 0.0170451 
0.427556 0.0165408 
0.428444 0.0167675 
0.429333 0.0167926 
0.430222 0.0181301 
0.431111 0.0158234 
0.432 0.0167036 
0.432889 0.0162575 
0.433778 0.016732 
0.434667 0.0167773 
0.435556 0.0166665 
0.436444 0.0168029 
0.437333 0.0166744 
0.438222 0.017004 
0.439111 0.0167317 
0.44 0.0168444 
0.440889 0.0167004 
0.441778 0.0168912 
0.442667 0.0166011 
0.443556 0.0167813 
0.444444 0.0167704 
0.445333 0.0168233 
0.446222 0.0169901 
0.447111 0.016524 
0.448 0.0166882 
0.448889 0.0167571 
0.449778 0.01683 
0.450667 0.013892 
0.451556 0.0194169 
0.452444 0.0171111 
0.453333 0.0163899 
0.454222 0.0167299 
0.455111 0.0168958 
0.456 0.0167181 
0.456889 0.0167862 
0.457778 0.0167313 
0.458667 0.0166344 
0.459556 0.0166165 
0.460444 0.0167367 
0.461333 0.0167626 
0.462222 0.016868 
0.463111 0.0166667 
0.464 0.0165012 
0.464889 0.0168365 
0.465778 0.0167523 
0.466667 0.0167796 
0.467556 0.0164743 
0.468444 0.0170009 
0.469333 0.016742 
0.470222 0.016762 
0.471111 0.0168349 
0.472 0.016836 
0.472889 0.0168523 
0.473778 0.0166603 
0.474667 0.0166657 
0.475556 0.0168805 
0.476444 0.0167776 
0.477333 0.0169248 
0.478222 0.0167889 
0.479111 0.0167003 
0.48 0.0166479 
0.480889 0.0167555 
0.481778 0.016672 
0.482667 0.0166522 
0.483556 0.0168979 
0.484444 0.0168782 
0.485333 0.016694 
0.486222 0.0167894 
0.487111 0.0166809 
0.488 0.0168591 
0.488889 0.0167037 
0.489778 0.0167284 
0.490667 0.0167394 
0.491556 0.0167851 
0.492444 0.0167021 
0.493333 0.0168026 
0.494222 0.0166444 
0.495111 0.0169148 
0.496 0.0167215 
0.496889 0.0168507 
0.497778 0.01666 
0.498667 0.0168318 
0.499556 0.0168552 
0.500444 0.0165849 
0.501333 0.0165157 
0.502222 0.0167883 
0.503111 0.0166806 
0.504 0.0167993 
0.504889 0.016828 
0.505778 0.0168995 
0.506667 0.0166991 
0.507556 0.0162354 
0.508444 0.0171949 
0.509333 0.0167358 
0.510222 0.0167168 
0.511111 0.0167886 
0.512 0.016848 
0.512889 0.0166741 
0.513778 0.0166053 
0.514667 0.016731 
0.515556 0.0166979 
0.516444 0.0169781 
0.517333 0.016695 
0.518222 0.0165955 
0.519111 0.0168497 
0.52 0.0169413 
0.520889 0.0165643 
0.521778 0.0167509 
0.522667 0.0166212 
0.523556 0.0169172 
0.524444 0.0168543 
0.525333 0.0167037 
0.526222 0.0167448 
0.527111 0.0166972 
0.528 0.0168078 
0.528889 0.0163711 
0.529778 0.0171947 
0.530667 0.0167976 
0.531556 0.0166208 
0.532444 0.0166208 
