# Parameter : G->QQ gs = 1.66238 P = 300 T = 1 z = 0.25 mDSqr= 4.14527
# Columns: 1- Time: T^2 t/(P*z*(1-z))    2- 1/(T P(z)) dGamma/dz 
0 0
0.001 6.03031e-05
0.002 0.000109669
0.003 0.000153471
0.004 0.000196053
0.005 0.000237675
0.006 0.000280283
0.007 0.000324045
0.008 0.000369449
0.009 0.000416108
0.01 0.000465418
0.011 0.000516188
0.012 0.000569666
0.013 0.000625946
0.014 0.000685447
0.015 0.000747556
0.016 0.000812701
0.017 0.000881083
0.018 0.000952876
0.019 0.00104966
0.02 0.00112837
0.021 0.00121056
0.022 0.00129653
0.023 0.00138598
0.024 0.00147934
0.025 0.00157644
0.026 0.00167745
0.027 0.00178217
0.028 0.00189054
0.029 0.00200263
0.03 0.0021185
0.031 0.00223801
0.032 0.00236094
0.033 0.00248716
0.034 0.00261688
0.035 0.00274979
0.036 0.00288582
0.037 0.00302476
0.038 0.00316676
0.039 0.00331118
0.04 0.00345826
0.041 0.0036075
0.042 0.00375894
0.043 0.00391229
0.044 0.00406739
0.045 0.00422374
0.046 0.00438158
0.047 0.00454032
0.048 0.00469967
0.049 0.00485948
0.05 0.00501949
0.051 0.00517934
0.052 0.00533883
0.053 0.00549777
0.054 0.005656
0.055 0.00581306
0.056 0.00596879
0.057 0.00612287
0.058 0.00627528
0.059 0.00642559
0.06 0.00657371
0.061 0.00671931
0.062 0.0068624
0.063 0.00700257
0.064 0.00713986
0.065 0.00727401
0.066 0.00740503
0.067 0.00753271
0.068 0.00765695
0.069 0.00777761
0.07 0.00789478
0.071 0.0080083
0.072 0.00811805
0.073 0.0082241
0.074 0.00832647
0.075 0.00842505
0.076 0.00851985
0.077 0.00861099
0.078 0.00869851
0.079 0.00878223
0.08 0.00886241
0.081 0.00893892
0.082 0.00901197
0.083 0.00908147
0.084 0.00914767
0.085 0.00921046
0.086 0.00927002
0.087 0.00932636
0.088 0.00937969
0.089 0.00943
0.09 0.00947733
0.091 0.00952183
0.092 0.00956347
0.093 0.00960255
0.094 0.00963896
0.095 0.00967289
0.096 0.00970449
0.097 0.00973371
0.098 0.0097607
0.099 0.00978556
0.1 0.00980841
0.101 0.00982924
0.102 0.00984819
0.103 0.00986536
0.104 0.00988087
0.105 0.00989471
0.106 0.00990703
0.107 0.00991788
0.108 0.00992734
0.109 0.00993546
0.11 0.00994231
0.111 0.00994796
0.112 0.00995247
0.113 0.00995594
0.114 0.0099584
0.115 0.00995989
0.116 0.0099605
0.117 0.00996027
0.118 0.00995929
0.119 0.00995763
0.12 0.00995523
0.121 0.00995222
0.122 0.00994861
0.123 0.00994443
0.124 0.00993971
0.125 0.00993459
0.126 0.00992903
0.127 0.00992308
0.128 0.00991676
0.129 0.00991013
0.13 0.00990317
0.131 0.00989708
0.132 0.00988957
0.133 0.00988193
0.134 0.00987406
0.135 0.00986604
0.136 0.0098578
0.137 0.00984953
0.138 0.00984115
0.139 0.00983267
0.14 0.00982411
0.141 0.00981554
0.142 0.0098069
0.143 0.00979828
0.144 0.00978961
0.145 0.009781
0.146 0.00977235
0.147 0.00976377
0.148 0.0097552
0.149 0.00974674
0.15 0.00973827
0.151 0.00972991
0.152 0.00972162
0.153 0.00971342
0.154 0.0097053
0.155 0.00969741
0.156 0.0096895
0.157 0.0096817
0.158 0.00967402
0.159 0.00967725
0.16 0.0096813
0.161 0.00967397
0.162 0.00966679
0.163 0.00965973
0.164 0.0096528
0.165 0.00964601
0.166 0.00963935
0.167 0.00963286
0.168 0.00962646
0.169 0.00962021
0.17 0.00961407
0.171 0.0096081
0.172 0.00960221
0.173 0.0095965
0.174 0.00959094
0.175 0.00958548
0.176 0.00958018
0.177 0.00957502
0.178 0.00956998
0.179 0.00956507
0.18 0.00956027
0.181 0.00955562
0.182 0.00955111
0.183 0.0095467
0.184 0.00954241
0.185 0.00953826
0.186 0.00953425
0.187 0.00953035
0.188 0.00952659
0.189 0.00952293
0.19 0.00951937
0.191 0.00951591
0.192 0.00951257
0.193 0.0095094
0.194 0.00950626
0.195 0.00950324
0.196 0.0095003
0.197 0.00949747
0.198 0.00949475
0.199 0.00949212
0.2 0.00948958
0.201 0.00948712
0.202 0.00948475
0.203 0.00948251
0.204 0.00948031
0.205 0.00947818
0.206 0.00947614
0.207 0.00947417
0.208 0.00947227
0.209 0.00947044
0.21 0.00946868
0.211 0.00946702
0.212 0.0094654
0.213 0.00946386
0.214 0.00946235
0.215 0.00946091
0.216 0.00945953
0.217 0.00945822
0.218 0.00945694
0.219 0.00945572
0.22 0.00945455
0.221 0.00945343
0.222 0.00945236
0.223 0.00945132
0.224 0.00945034
0.225 0.00944941
0.226 0.0094485
0.227 0.00944764
0.228 0.00944682
0.229 0.00944603
0.23 0.00944529
0.231 0.00944459
0.232 0.0094439
0.233 0.00944326
0.234 0.00944264
0.235 0.00944206
0.236 0.0094415
0.237 0.00944098
0.238 0.00944048
0.239 0.00944
0.24 0.00943954
0.241 0.0094391
0.242 0.00943869
0.243 0.00943827
0.244 0.0094379
0.245 0.00943755
0.246 0.00943722
0.247 0.0094369
0.248 0.0094366
0.249 0.00943631
0.25 0.00943604
0.251 0.00943579
0.252 0.00943555
0.253 0.00943533
0.254 0.00943511
0.255 0.00943481
0.256 0.00943455
0.257 0.0094343
0.258 0.0094341
0.259 0.00943391
0.26 0.00943374
0.261 0.00943349
0.262 0.00943329
0.263 0.00943309
0.264 0.00943295
0.265 0.00943283
0.266 0.00943273
0.267 0.00943262
0.268 0.00943255
0.269 0.00943247
0.27 0.00943239
0.271 0.00943234
0.272 0.00943227
0.273 0.00943221
0.274 0.00943216
0.275 0.0094321
0.276 0.00943205
0.277 0.00943201
0.278 0.00943197
0.279 0.00943193
0.28 0.00943192
0.281 0.00943188
0.282 0.00943187
0.283 0.00943184
0.284 0.00943183
0.285 0.00943182
0.286 0.00943181
0.287 0.00943179
0.288 0.00943177
0.289 0.00943175
0.29 0.00943175
0.291 0.00943172
0.292 0.00943171
0.293 0.0094317
0.294 0.0094317
0.295 0.0094317
0.296 0.0094317
0.297 0.00943175
0.298 0.00943168
0.299 0.00943169
0.3 0.0094317
0.301 0.00943169
0.302 0.00943169
0.303 0.00943169
0.304 0.00943165
0.305 0.00943165
0.306 0.00943163
0.307 0.00943163
0.308 0.00943162
0.309 0.00943162
0.31 0.00943162
0.311 0.00943162
0.312 0.00943161
0.313 0.00943158
0.314 0.00943163
0.315 0.0094316
0.316 0.0094316
0.317 0.00943159
0.318 0.0094316
0.319 0.0094316
0.32 0.00943165
0.321 0.00943175
0.322 0.00943176
0.323 0.00943176
0.324 0.00943177
0.325 0.00943176
0.326 0.00943176
0.327 0.0094317
0.328 0.00943173
0.329 0.00943173
0.33 0.00943178
0.331 0.00943178
0.332 0.00943181
0.333 0.00943173
0.334 0.00943173
0.335 0.00943172
0.336 0.00943173
0.337 0.00943174
0.338 0.00943175
0.339 0.00943178
0.34 0.00943178
0.341 0.00943172
0.342 0.00943165
0.343 0.00943162
0.344 0.00943162
0.345 0.00943162
0.346 0.0094316
0.347 0.0094316
0.348 0.00943157
0.349 0.00943149
0.35 0.00943138
0.351 0.00943138
0.352 0.00943138
0.353 0.00943138
0.354 0.00943138
0.355 0.00943136
0.356 0.00943136
0.357 0.00943132
0.358 0.00943127
0.359 0.00943128
0.36 0.00943128
0.361 0.00943128
0.362 0.00943129
0.363 0.00943128
0.364 0.00943129
0.365 0.00943121
0.366 0.00943121
0.367 0.00943115
0.368 0.00943114
0.369 0.00943109
0.37 0.00943108
0.371 0.00943106
0.372 0.00943106
0.373 0.009431
0.374 0.00943099
0.375 0.00943098
0.376 0.00943095
0.377 0.00943096
0.378 0.00943094
0.379 0.00943094
0.38 0.00943093
0.381 0.00943085
0.382 0.0094308
0.383 0.00943083
0.384 0.00943084
0.385 0.00943084
0.386 0.00943083
0.387 0.00943084
0.388 0.00943083
0.389 0.00943083
0.39 0.00943082
0.391 0.00943078
0.392 0.00943078
0.393 0.00943078
0.394 0.00943078
0.395 0.00943079
0.396 0.00943079
0.397 0.00943079
0.398 0.00943078
0.399 0.00943072
0.4 0.00943072
0.401 0.00943072
0.402 0.00943072
0.403 0.00943072
0.404 0.00943072
0.405 0.00943072
0.406 0.00943071
0.407 0.00943071
0.408 0.0094307
0.409 0.0094307
0.41 0.00943071
0.411 0.00943071
0.412 0.00943071
0.413 0.00943071
0.414 0.00943071
0.415 0.00943072
0.416 0.00943072
0.417 0.00943072
0.418 0.00943073
0.419 0.00943073
0.42 0.00943073
0.421 0.00943073
0.422 0.00943073
0.423 0.00943073
0.424 0.00943073
0.425 0.00943074
0.426 0.00943074
0.427 0.00943074
0.428 0.00943073
0.429 0.00943073
0.43 0.00943071
0.431 0.00943072
0.432 0.00943074
0.433 0.00943074
0.434 0.00943074
0.435 0.00943074
0.436 0.00943074
0.437 0.0094307
0.438 0.0094307
0.439 0.00943068
0.44 0.00943067
0.441 0.00943067
0.442 0.00943066
0.443 0.00943066
0.444 0.00943066
0.445 0.00943066
0.446 0.00943067
0.447 0.00943067
0.448 0.00943067
0.449 0.00943068
0.45 0.00943068
0.451 0.00943069
0.452 0.00943069
0.453 0.00943069
0.454 0.00943069
0.455 0.00943069
0.456 0.0094307
0.457 0.0094307
0.458 0.0094307
0.459 0.00943071
0.46 0.0094307
0.461 0.00943072
0.462 0.00943072
0.463 0.00943073
0.464 0.00943072
0.465 0.00943072
0.466 0.00943073
0.467 0.00943073
0.468 0.00943077
0.469 0.00943077
0.47 0.00943077
0.471 0.00943077
0.472 0.00943078
0.473 0.0094308
0.474 0.0094308
0.475 0.00943079
0.476 0.00943079
0.477 0.0094308
0.478 0.00943081
0.479 0.00943082
0.48 0.00943078
0.481 0.00943078
0.482 0.00943077
0.483 0.00943077
0.484 0.00943077
0.485 0.00943077
0.486 0.00943077
0.487 0.00943077
0.488 0.00943077
0.489 0.00943076
0.49 0.00943077
0.491 0.00943076
0.492 0.00943078
0.493 0.00943076
0.494 0.00943077
0.495 0.00943077
0.496 0.00943076
0.497 0.00943077
0.498 0.00943077
0.499 0.00943078
0.5 0.00943079
0.501 0.00943079
0.502 0.0094308
0.503 0.00943078
0.504 0.00943078
0.505 0.00943078
0.506 0.00943079
0.507 0.00943078
0.508 0.00943078
0.509 0.00943078
0.51 0.00943076
0.511 0.00943076
0.512 0.00943075
0.513 0.00943075
0.514 0.00943075
0.515 0.00943074
0.516 0.00943073
0.517 0.00943071
0.518 0.00943071
0.519 0.00943071
0.52 0.00943067
0.521 0.00943066
0.522 0.00943066
0.523 0.00943066
0.524 0.00943066
0.525 0.00943066
0.526 0.00943066
0.527 0.00943065
0.528 0.00943065
0.529 0.00943066
0.53 0.00943066
0.531 0.00943066
0.532 0.00943068
0.533 0.00943068
0.534 0.00943068
0.535 0.00943068
0.536 0.00943069
0.537 0.00943068
0.538 0.00943068
0.539 0.00943068
0.54 0.00943073
0.541 0.00943072
0.542 0.00943072
0.543 0.00943072
0.544 0.00943072
0.545 0.00943073
0.546 0.00943073
0.547 0.00943072
0.548 0.00943072
0.549 0.00943072
0.55 0.00943072
0.551 0.00943072
0.552 0.00943072
0.553 0.00943071
0.554 0.00943071
0.555 0.00943072
0.556 0.0094307
0.557 0.0094307
0.558 0.0094307
0.559 0.00943066
0.56 0.00943063
0.561 0.00943059
0.562 0.0094306
0.563 0.0094306
0.564 0.0094306
0.565 0.00943058
0.566 0.00943058
0.567 0.00943058
0.568 0.00943058
0.569 0.00943059
0.57 0.00943059
0.571 0.00943059
0.572 0.00943059
0.573 0.00943058
0.574 0.00943058
0.575 0.00943057
0.576 0.00943057
0.577 0.00943057
0.578 0.00943056
0.579 0.00943056
0.58 0.00943055
0.581 0.00943055
0.582 0.00943055
0.583 0.00943055
0.584 0.00943055
0.585 0.00943058
0.586 0.00943057
0.587 0.00943058
0.588 0.00943057
0.589 0.00943058
0.59 0.00943058
0.591 0.00943058
0.592 0.00943056
0.593 0.00943057
0.594 0.00943057
0.595 0.00943057
0.596 0.00943062
0.597 0.00943061
0.598 0.00943066
0.599 0.00943066
0.6 0.00943071
0.601 0.00943071
0.602 0.00943075
0.603 0.00943075
0.604 0.00943075
0.605 0.00943072
0.606 0.00943072
0.607 0.00943071
0.608 0.00943071
0.609 0.00943071
0.61 0.00943071
0.611 0.00943074
0.612 0.00943074
0.613 0.00943074
0.614 0.00943074
0.615 0.00943074
0.616 0.00943073
0.617 0.00943077
0.618 0.00943077
0.619 0.00943077
0.62 0.00943076
0.621 0.00943076
0.622 0.00943077
0.623 0.00943077
0.624 0.00943075
0.625 0.00943076
0.626 0.00943075
0.627 0.00943075
0.628 0.00943074
0.629 0.00943074
0.63 0.00943072
0.631 0.00943072
0.632 0.00943067
0.633 0.00943065
0.634 0.00943066
0.635 0.00943064
0.636 0.00943064
0.637 0.00943062
0.638 0.00943062
0.639 0.00943062
0.64 0.00943062
0.641 0.0094306
0.642 0.0094306
0.643 0.0094306
0.644 0.00943059
0.645 0.00943056
0.646 0.00943056
0.647 0.00943057
0.648 0.00943057
0.649 0.00943057
0.65 0.00943057
0.651 0.00943056
0.652 0.00943056
0.653 0.00943057
0.654 0.00943056
0.655 0.00943056
0.656 0.00943057
0.657 0.00943058
0.658 0.00943061
0.659 0.00943061
0.66 0.00943061
0.661 0.00943062
0.662 0.00943062
0.663 0.00943061
0.664 0.00943061
0.665 0.00943061
0.666 0.00943061
0.667 0.00943061
0.668 0.00943061
0.669 0.00943061
0.67 0.0094306
0.671 0.00943061
0.672 0.00943061
0.673 0.00943063
0.674 0.00943063
0.675 0.00943067
0.676 0.00943068
0.677 0.00943068
0.678 0.00943068
0.679 0.00943067
0.68 0.00943068
0.681 0.00943064
0.682 0.00943065
0.683 0.00943065
0.684 0.00943065
0.685 0.00943065
0.686 0.00943065
0.687 0.00943065
0.688 0.00943066
0.689 0.00943066
0.69 0.00943066
0.691 0.00943066
0.692 0.00943066
0.693 0.00943065
0.694 0.00943066
0.695 0.00943067
0.696 0.00943067
0.697 0.00943068
0.698 0.00943069
0.699 0.00943069
0.7 0.00943069
0.701 0.00943069
0.702 0.00943069
0.703 0.00943069
0.704 0.00943068
0.705 0.00943069
0.706 0.00943069
0.707 0.00943069
0.708 0.00943069
0.709 0.00943068
0.71 0.00943068
0.711 0.00943068
0.712 0.00943068
0.713 0.00943069
0.714 0.00943069
0.715 0.00943069
0.716 0.00943069
0.717 0.00943071
0.718 0.0094307
0.719 0.0094307
0.72 0.00943071
0.721 0.00943067
0.722 0.00943067
0.723 0.00943066
0.724 0.00943066
0.725 0.00943066
0.726 0.00943066
0.727 0.00943066
0.728 0.00943068
0.729 0.00943068
0.73 0.0094307
0.731 0.0094307
0.732 0.00943071
0.733 0.00943075
0.734 0.00943075
0.735 0.00943081
0.736 0.00943081
0.737 0.00943081
0.738 0.00943081
0.739 0.00943083
0.74 0.00943084
0.741 0.00943085
0.742 0.00943085
0.743 0.00943085
0.744 0.00943085
0.745 0.00943085
0.746 0.00943085
0.747 0.00943084
0.748 0.00943084
0.749 0.00943083
0.75 0.00943083
0.751 0.00943084
0.752 0.00943084
0.753 0.0094308
0.754 0.00943081
0.755 0.00943079
0.756 0.00943079
0.757 0.00943079
0.758 0.00943079
0.759 0.00943078
0.76 0.00943079
0.761 0.00943078
0.762 0.00943078
0.763 0.00943075
0.764 0.00943075
0.765 0.00943069
0.766 0.00943066
0.767 0.00943067
0.768 0.00943067
0.769 0.00943067
0.77 0.00943066
0.771 0.00943067
0.772 0.00943067
0.773 0.00943067
0.774 0.00943067
0.775 0.00943067
0.776 0.00943067
0.777 0.00943068
0.778 0.00943068
0.779 0.00943069
0.78 0.00943069
0.781 0.00943069
0.782 0.0094307
0.783 0.0094307
0.784 0.0094307
0.785 0.00943071
0.786 0.00943077
0.787 0.00943077
0.788 0.00943077
0.789 0.00943077
0.79 0.00943077
0.791 0.00943077
0.792 0.00943079
0.793 0.00943079
0.794 0.00943079
0.795 0.00943084
0.796 0.00943083
0.797 0.00943083
0.798 0.00943083
0.799 0.00943084
0.8 0.00943084
0.801 0.00943083
0.802 0.00943083
0.803 0.00943083
0.804 0.00943088
0.805 0.00943088
0.806 0.00943087
0.807 0.00943087
0.808 0.00943089
0.809 0.00943089
0.81 0.00943088
0.811 0.00943089
0.812 0.00943092
0.813 0.00943092
0.814 0.0094309
0.815 0.0094309
0.816 0.0094309
0.817 0.0094309
0.818 0.00943092
0.819 0.00943092
0.82 0.00943092
0.821 0.00943092
0.822 0.00943091
0.823 0.00943092
0.824 0.00943091
0.825 0.0094309
0.826 0.0094309
0.827 0.0094309
0.828 0.00943089
0.829 0.00943089
0.83 0.0094309
0.831 0.00943089
0.832 0.00943089
0.833 0.0094309
0.834 0.00943088
0.835 0.00943086
0.836 0.00943087
0.837 0.00943087
0.838 0.00943087
0.839 0.00943087
0.84 0.00943087
0.841 0.00943088
0.842 0.00943088
0.843 0.00943088
0.844 0.00943088
0.845 0.00943088
0.846 0.00943086
0.847 0.00943087
0.848 0.00943087
0.849 0.00943086
0.85 0.00943085
0.851 0.00943085
0.852 0.00943086
0.853 0.00943086
0.854 0.00943086
0.855 0.00943086
0.856 0.00943086
0.857 0.00943086
0.858 0.00943089
0.859 0.00943089
0.86 0.0094309
0.861 0.0094309
0.862 0.0094309
0.863 0.0094309
0.864 0.00943091
0.865 0.00943091
0.866 0.00943091
0.867 0.00943091
0.868 0.0094309
0.869 0.0094309
0.87 0.0094309
0.871 0.00943091
0.872 0.00943092
0.873 0.00943091
0.874 0.00943091
0.875 0.00943091
0.876 0.0094309
0.877 0.00943091
0.878 0.0094309
0.879 0.00943089
0.88 0.00943088
0.881 0.00943089
0.882 0.00943086
0.883 0.00943086
0.884 0.00943085
0.885 0.00943085
0.886 0.00943084
0.887 0.00943085
0.888 0.00943085
0.889 0.00943082
0.89 0.00943082
0.891 0.00943077
0.892 0.00943078
0.893 0.00943074
0.894 0.00943074
0.895 0.00943069
0.896 0.0094307
0.897 0.0094307
0.898 0.00943071
0.899 0.00943071
0.9 0.00943064
0.901 0.00943064
0.902 0.00943058
0.903 0.00943058
0.904 0.00943058
0.905 0.00943058
0.906 0.00943057
0.907 0.00943057
0.908 0.00943057
0.909 0.00943057
0.91 0.00943057
0.911 0.00943057
0.912 0.00943058
0.913 0.00943057
0.914 0.00943058
0.915 0.00943057
0.916 0.00943057
0.917 0.00943057
0.918 0.00943059
0.919 0.0094306
0.92 0.0094306
0.921 0.0094306
0.922 0.0094306
0.923 0.0094306
0.924 0.0094306
0.925 0.00943059
0.926 0.0094306
0.927 0.0094306
0.928 0.00943063
0.929 0.00943063
0.93 0.00943064
0.931 0.00943065
0.932 0.00943066
0.933 0.00943066
0.934 0.0094307
0.935 0.0094307
0.936 0.00943071
0.937 0.00943073
0.938 0.00943072
0.939 0.00943074
0.94 0.00943075
0.941 0.00943075
0.942 0.00943075
0.943 0.00943075
0.944 0.00943077
0.945 0.00943076
0.946 0.00943076
0.947 0.00943076
0.948 0.00943076
0.949 0.00943076
0.95 0.00943075
0.951 0.00943076
0.952 0.00943075
0.953 0.00943076
0.954 0.00943076
0.955 0.00943076
0.956 0.00943076
0.957 0.00943075
0.958 0.00943074
0.959 0.00943075
0.96 0.00943074
0.961 0.00943074
0.962 0.00943073
0.963 0.00943071
0.964 0.00943071
0.965 0.0094307
0.966 0.0094307
0.967 0.00943071
0.968 0.00943071
0.969 0.00943069
0.97 0.00943069
0.971 0.00943069
0.972 0.00943069
0.973 0.00943063
0.974 0.00943069
0.975 0.00943066
0.976 0.00943066
0.977 0.00943067
0.978 0.00943067
0.979 0.00943067
0.98 0.00943067
0.981 0.00943069
0.982 0.00943069
0.983 0.00943069
0.984 0.00943069
0.985 0.0094307
0.986 0.0094307
0.987 0.0094307
0.988 0.00943069
0.989 0.00943069
0.99 0.00943069
0.991 0.00943069
0.992 0.00943068
0.993 0.00943068
0.994 0.00943065
0.995 0.00943065
0.996 0.00943065
0.997 0.00943068
0.998 0.00943067
0.999 0.00943067
1 0.00943067
