# Parameter :  gs = 1.66238 P = 300 T = 1 z = 0.25 mDSqr= 4.14527
# Columns: 1- Time: T^2 t/(P*z*(1-z))    2- 1/(T P(z)) dGamma/dz 
0 0
0.005 0.000234016
0.01 0.000430562
0.015 0.000630459
0.02 0.000837688
0.025 0.00105505
0.03 0.00127652
0.035 0.00150685
0.04 0.0017381
0.045 0.00197643
0.05 0.00221043
0.055 0.00245026
0.06 0.00268734
0.065 0.00292048
0.07 0.00315609
0.075 0.00338406
0.08 0.00360997
0.085 0.00383059
0.09 0.00404957
0.095 0.00426114
0.1 0.00446771
0.105 0.00466795
0.11 0.00486271
0.115 0.0050494
0.12 0.00523331
0.125 0.00540878
0.13 0.00557769
0.135 0.00573865
0.14 0.00589648
0.145 0.00604704
0.15 0.00618834
0.155 0.00632138
0.16 0.00645285
0.165 0.00657477
0.17 0.00669392
0.175 0.00680185
0.18 0.00690967
0.185 0.00700809
0.19 0.00709816
0.195 0.00718525
0.2 0.00726789
0.205 0.00734561
0.21 0.00741598
0.215 0.00748377
0.22 0.0075426
0.225 0.0076003
0.23 0.00765342
0.235 0.00769204
0.24 0.00774784
0.245 0.0077844
0.25 0.00782179
0.255 0.00785555
0.26 0.00788077
0.265 0.00791242
0.27 0.00793212
0.275 0.00795453
0.28 0.00797233
0.285 0.00798981
0.29 0.00800314
0.295 0.00801122
0.3 0.00802098
0.305 0.00802579
0.31 0.00803339
0.315 0.00803695
0.32 0.00803904
0.325 0.00803876
0.33 0.00803517
0.335 0.00803414
0.34 0.00803214
0.345 0.00802956
0.35 0.00802061
0.355 0.00801562
0.36 0.00801023
0.365 0.00800091
0.37 0.00799139
0.375 0.00798415
0.38 0.00797812
0.385 0.0079646
0.39 0.00795694
0.395 0.00794894
0.4 0.0079349
0.405 0.00792969
0.41 0.00791683
0.415 0.00790732
0.42 0.00789333
0.425 0.00788582
0.43 0.00787997
0.435 0.00786654
0.44 0.0078573
0.445 0.00785596
0.45 0.00784052
0.455 0.00783531
0.46 0.00782498
0.465 0.00781694
0.47 0.00780823
0.475 0.00779649
0.48 0.00779176
0.485 0.00778619
0.49 0.00777782
0.495 0.00776697
0.5 0.00776283
0.505 0.0077539
0.51 0.00774833
0.515 0.0077429
0.52 0.00773686
0.525 0.00773274
0.53 0.00773185
0.535 0.00772269
0.54 0.00771812
0.545 0.00771697
0.55 0.00771296
0.555 0.00770906
0.56 0.00770639
0.565 0.00770082
0.57 0.00769973
0.575 0.00769937
0.58 0.00769601
0.585 0.00769271
0.59 0.00769089
0.595 0.00769057
0.6 0.00768606
0.605 0.00768626
0.61 0.0076853
0.615 0.0076827
0.62 0.00768322
0.625 0.00768045
0.63 0.00767843
0.635 0.00768159
0.64 0.00768002
0.645 0.00767996
0.65 0.00767985
0.655 0.00767861
0.66 0.00767784
0.665 0.00767662
0.67 0.00767784
0.675 0.0076768
0.68 0.00768078
0.685 0.00767888
0.69 0.00767807
0.695 0.00767775
0.7 0.00767807
0.705 0.00767977
0.71 0.00767993
0.715 0.0076692
0.72 0.00767102
0.725 0.00767549
0.73 0.0076787
0.735 0.00768063
0.74 0.0076798
0.745 0.00768159
0.75 0.00768038
0.755 0.00768014
0.76 0.00767946
0.765 0.00767871
0.77 0.00768465
0.775 0.00768229
0.78 0.00768559
0.785 0.00768932
0.79 0.00768955
0.795 0.00768835
0.8 0.00769031
0.805 0.00768768
0.81 0.00768812
0.815 0.00769218
0.82 0.00769286
0.825 0.00768987
0.83 0.00769007
0.835 0.00769161
0.84 0.00769171
0.845 0.00769473
0.85 0.00769322
0.855 0.00769503
0.86 0.00769467
0.865 0.00769315
0.87 0.00769325
0.875 0.00769676
0.88 0.00769738
0.885 0.0076959
0.89 0.00769498
0.895 0.00769655
0.9 0.0076952
0.905 0.00769675
0.91 0.00769655
0.915 0.00769655
0.92 0.00769685
0.925 0.00769888
0.93 0.00769878
0.935 0.00769565
0.94 0.00769906
0.945 0.00769779
0.95 0.00769483
0.955 0.00769973
0.96 0.00769588
0.965 0.00769689
0.97 0.00769662
0.975 0.007695
0.98 0.00769813
0.985 0.00769834
0.99 0.00769231
0.995 0.0077007
