# Parameter : Q->GQ gs = 1.66238 P = 300 T = 1 z = 0.25 mDSqr= 4.14527
0 0
0.001 0.00017001
0.002 0.000304539
0.003 0.000433276
0.004 0.000568123
0.005 0.000713465
0.006 0.000871774
0.007 0.0010449
0.008 0.0011984
0.009 0.00140468
0.01 0.0016287
0.011 0.00187209
0.012 0.00213457
0.013 0.00241582
0.014 0.00271663
0.015 0.00303691
0.016 0.00342505
0.017 0.00378139
0.018 0.00415542
0.019 0.00454595
0.02 0.00495208
0.021 0.00537238
0.022 0.00580539
0.023 0.006249
0.024 0.00670223
0.025 0.00716242
0.026 0.00762779
0.027 0.00809602
0.028 0.00856493
0.029 0.0090323
0.03 0.00949587
0.031 0.00995365
0.032 0.0104034
0.033 0.0108428
0.034 0.0112706
0.035 0.0116849
0.036 0.0120844
0.037 0.0124677
0.038 0.012834
0.039 0.0131823
0.04 0.0135122
0.041 0.0138229
0.042 0.0141146
0.043 0.0143872
0.044 0.0147066
0.045 0.014985
0.046 0.0152015
0.047 0.0154
0.048 0.0155815
0.049 0.0157462
0.05 0.0158954
0.051 0.0160293
0.052 0.0161487
0.053 0.0162545
0.054 0.0163478
0.055 0.016429
0.056 0.016499
0.057 0.0165585
0.058 0.0166085
0.059 0.0166498
0.06 0.0166831
0.061 0.0167086
0.062 0.0167277
0.063 0.0167402
0.064 0.0167475
0.065 0.0167495
0.066 0.0167473
0.067 0.0167411
0.068 0.0167311
0.069 0.016718
0.07 0.0167023
0.071 0.0166843
0.072 0.0166642
0.073 0.0166423
0.074 0.0166191
0.075 0.0165946
0.076 0.0165692
0.077 0.0165428
0.078 0.0165161
0.079 0.0164889
0.08 0.0164617
0.081 0.0164342
0.082 0.0164069
0.083 0.0163798
0.084 0.0163531
0.085 0.0163267
0.086 0.0163008
0.087 0.0162754
0.088 0.0162507
0.089 0.0162265
0.09 0.0162028
0.091 0.01618
0.092 0.0161576
0.093 0.0161362
0.094 0.0161154
0.095 0.0160953
0.096 0.0160761
0.097 0.0160576
0.098 0.0160398
0.099 0.0160229
0.1 0.0160067
0.101 0.0159912
0.102 0.0159791
0.103 0.0159689
0.104 0.0159555
0.105 0.0159429
0.106 0.0159309
0.107 0.0159195
0.108 0.0159087
0.109 0.0158985
0.11 0.0158889
0.111 0.0158799
0.112 0.0158714
0.113 0.0158635
0.114 0.015856
0.115 0.0158489
0.116 0.0158423
0.117 0.0158361
0.118 0.0158303
0.119 0.0158248
0.12 0.0158198
0.121 0.0158152
0.122 0.0158108
0.123 0.0158068
0.124 0.015803
0.125 0.0157995
0.126 0.0157962
0.127 0.0157931
0.128 0.0157904
0.129 0.0157878
0.13 0.0157855
0.131 0.0157833
0.132 0.0157813
0.133 0.0157796
0.134 0.0157779
0.135 0.0157764
0.136 0.015775
0.137 0.0157738
0.138 0.0157727
0.139 0.0157716
0.14 0.0157707
0.141 0.0157698
0.142 0.015769
0.143 0.0157683
0.144 0.0157676
0.145 0.0157671
0.146 0.0157666
0.147 0.0157661
0.148 0.0157657
0.149 0.0157653
0.15 0.015765
0.151 0.0157647
0.152 0.0157645
0.153 0.0157643
0.154 0.0157641
0.155 0.0157641
0.156 0.0157639
0.157 0.0157638
0.158 0.0157637
0.159 0.0157636
0.16 0.0157636
0.161 0.0157635
0.162 0.0157635
0.163 0.0157634
0.164 0.0157633
0.165 0.0157631
0.166 0.0157632
0.167 0.0157631
0.168 0.0157631
0.169 0.0157631
0.17 0.0157631
0.171 0.0157631
0.172 0.015763
0.173 0.0157631
0.174 0.0157629
0.175 0.0157629
0.176 0.0157629
0.177 0.0157631
0.178 0.0157632
0.179 0.0157632
0.18 0.0157632
0.181 0.0157632
0.182 0.0157632
0.183 0.0157632
0.184 0.0157632
0.185 0.0157632
0.186 0.0157633
0.187 0.0157633
0.188 0.0157633
0.189 0.0157633
0.19 0.0157633
0.191 0.0157633
0.192 0.0157635
0.193 0.0157635
0.194 0.0157636
0.195 0.0157636
0.196 0.0157636
0.197 0.0157636
0.198 0.0157633
0.199 0.0157632
0.2 0.0157632
0.201 0.0157632
0.202 0.0157633
0.203 0.0157633
0.204 0.0157634
0.205 0.0157634
0.206 0.0157635
0.207 0.0157635
0.208 0.0157635
0.209 0.0157635
0.21 0.0157634
0.211 0.0157634
0.212 0.0157632
0.213 0.0157632
0.214 0.0157632
0.215 0.0157631
0.216 0.0157631
0.217 0.0157631
0.218 0.0157631
0.219 0.0157631
0.22 0.015763
0.221 0.015763
0.222 0.015763
0.223 0.015763
0.224 0.0157629
0.225 0.0157629
0.226 0.0157629
0.227 0.0157629
0.228 0.0157629
0.229 0.0157629
0.23 0.0157629
0.231 0.0157629
0.232 0.0157629
0.233 0.0157629
0.234 0.0157629
0.235 0.0157628
0.236 0.0157628
0.237 0.0157628
0.238 0.0157628
0.239 0.0157628
0.24 0.0157628
0.241 0.0157628
0.242 0.0157628
0.243 0.0157627
0.244 0.0157627
0.245 0.0157627
0.246 0.0157627
0.247 0.0157626
0.248 0.0157626
0.249 0.0157626
0.25 0.0157626
0.251 0.0157626
0.252 0.0157626
0.253 0.0157626
0.254 0.0157626
0.255 0.0157626
0.256 0.0157626
0.257 0.0157627
0.258 0.0157627
0.259 0.0157627
0.26 0.0157626
0.261 0.0157626
0.262 0.0157627
0.263 0.0157627
0.264 0.0157627
0.265 0.0157627
0.266 0.0157626
0.267 0.0157626
0.268 0.0157626
0.269 0.0157626
0.27 0.0157626
0.271 0.0157626
0.272 0.0157627
0.273 0.0157626
0.274 0.0157628
0.275 0.0157628
0.276 0.0157628
0.277 0.0157628
0.278 0.0157628
0.279 0.0157628
0.28 0.0157628
0.281 0.0157628
0.282 0.0157628
0.283 0.0157628
0.284 0.0157628
0.285 0.0157628
0.286 0.0157628
0.287 0.0157628
0.288 0.0157628
0.289 0.0157628
0.29 0.0157628
0.291 0.0157628
0.292 0.0157627
0.293 0.0157627
0.294 0.0157627
0.295 0.0157627
0.296 0.0157627
0.297 0.0157627
0.298 0.0157625
0.299 0.0157625
0.3 0.0157625
0.301 0.0157625
0.302 0.0157625
0.303 0.0157625
0.304 0.0157625
0.305 0.0157625
0.306 0.0157625
0.307 0.0157625
0.308 0.0157625
0.309 0.0157625
0.31 0.0157625
0.311 0.0157625
0.312 0.0157625
0.313 0.0157625
0.314 0.0157625
0.315 0.0157625
0.316 0.0157625
0.317 0.0157625
0.318 0.0157625
0.319 0.0157625
0.32 0.0157625
0.321 0.0157625
0.322 0.0157625
0.323 0.0157625
0.324 0.0157624
0.325 0.0157624
0.326 0.0157624
0.327 0.0157624
0.328 0.0157624
0.329 0.0157624
0.33 0.0157624
0.331 0.0157624
0.332 0.0157624
0.333 0.0157624
0.334 0.0157624
0.335 0.0157624
0.336 0.0157624
0.337 0.0157624
0.338 0.0157624
0.339 0.0157624
0.34 0.0157624
0.341 0.0157624
0.342 0.0157624
0.343 0.0157624
0.344 0.0157624
0.345 0.0157625
0.346 0.0157625
0.347 0.0157625
0.348 0.0157625
0.349 0.0157624
0.35 0.0157625
0.351 0.0157624
0.352 0.0157624
0.353 0.0157624
0.354 0.0157624
0.355 0.0157623
0.356 0.0157624
0.357 0.0157624
0.358 0.0157623
0.359 0.0157623
0.36 0.0157623
0.361 0.0157623
0.362 0.0157623
0.363 0.0157623
0.364 0.0157623
0.365 0.0157623
0.366 0.0157623
0.367 0.0157623
0.368 0.0157622
0.369 0.0157622
0.37 0.0157622
0.371 0.015762
0.372 0.015762
0.373 0.0157621
0.374 0.0157621
0.375 0.0157621
0.376 0.0157621
0.377 0.0157621
0.378 0.0157621
0.379 0.0157621
0.38 0.0157621
0.381 0.0157621
0.382 0.015762
0.383 0.015762
0.384 0.015762
0.385 0.015762
0.386 0.015762
0.387 0.015762
0.388 0.0157621
0.389 0.0157621
0.39 0.0157621
0.391 0.0157623
0.392 0.0157623
0.393 0.0157623
0.394 0.0157625
0.395 0.0157625
0.396 0.0157625
0.397 0.0157625
0.398 0.0157624
0.399 0.0157626
0.4 0.0157625
0.401 0.0157626
0.402 0.0157626
0.403 0.0157626
0.404 0.0157626
0.405 0.0157626
0.406 0.0157626
0.407 0.0157627
0.408 0.0157626
0.409 0.0157626
0.41 0.0157626
0.411 0.0157626
0.412 0.0157626
0.413 0.0157626
0.414 0.0157626
0.415 0.0157626
0.416 0.0157626
0.417 0.0157627
0.418 0.0157627
0.419 0.0157627
0.42 0.0157627
0.421 0.0157627
0.422 0.0157626
0.423 0.0157626
0.424 0.0157625
0.425 0.0157625
0.426 0.0157625
0.427 0.0157625
0.428 0.0157624
0.429 0.0157624
0.43 0.0157624
0.431 0.0157623
0.432 0.0157622
0.433 0.0157624
0.434 0.0157624
0.435 0.0157624
0.436 0.0157624
0.437 0.0157624
0.438 0.0157623
0.439 0.0157624
0.44 0.0157624
0.441 0.0157624
0.442 0.0157624
0.443 0.0157624
0.444 0.0157624
0.445 0.0157624
0.446 0.0157623
0.447 0.0157624
0.448 0.0157624
0.449 0.0157624
0.45 0.0157624
0.451 0.0157624
0.452 0.0157624
0.453 0.0157623
0.454 0.0157623
0.455 0.0157623
0.456 0.0157623
0.457 0.0157623
0.458 0.0157623
0.459 0.0157623
0.46 0.0157623
0.461 0.0157622
0.462 0.0157622
0.463 0.0157622
0.464 0.0157622
0.465 0.0157622
0.466 0.0157622
0.467 0.0157623
0.468 0.0157623
0.469 0.0157623
0.47 0.0157623
0.471 0.0157624
0.472 0.0157624
0.473 0.0157624
0.474 0.0157625
0.475 0.0157625
0.476 0.0157625
0.477 0.0157625
0.478 0.0157625
0.479 0.0157625
0.48 0.0157626
0.481 0.0157625
0.482 0.0157625
0.483 0.0157625
0.484 0.0157625
0.485 0.0157625
0.486 0.0157625
0.487 0.0157625
0.488 0.0157625
0.489 0.0157625
0.49 0.0157625
0.491 0.0157625
0.492 0.0157625
0.493 0.0157625
0.494 0.0157623
0.495 0.0157623
0.496 0.0157623
0.497 0.0157624
0.498 0.0157624
0.499 0.0157624
0.5 0.0157624
0.501 0.0157623
0.502 0.0157623
0.503 0.0157624
0.504 0.0157624
0.505 0.0157624
0.506 0.0157624
0.507 0.0157624
0.508 0.0157624
0.509 0.0157624
0.51 0.0157624
0.511 0.0157624
0.512 0.0157624
0.513 0.0157624
0.514 0.0157625
0.515 0.0157625
0.516 0.0157625
0.517 0.0157625
0.518 0.0157626
0.519 0.0157626
0.52 0.0157626
0.521 0.0157626
0.522 0.0157626
0.523 0.0157626
0.524 0.0157627
0.525 0.0157627
0.526 0.0157628
0.527 0.0157628
0.528 0.0157627
0.529 0.0157627
0.53 0.0157627
0.531 0.0157629
0.532 0.0157629
0.533 0.0157629
0.534 0.0157629
0.535 0.0157629
0.536 0.0157629
0.537 0.0157629
0.538 0.0157629
0.539 0.0157629
0.54 0.0157629
0.541 0.0157629
0.542 0.0157629
0.543 0.0157629
0.544 0.0157629
0.545 0.0157629
0.546 0.0157629
0.547 0.0157629
0.548 0.0157629
0.549 0.0157629
0.55 0.0157629
0.551 0.0157629
0.552 0.0157629
0.553 0.0157628
0.554 0.0157628
0.555 0.0157628
0.556 0.0157629
0.557 0.0157628
0.558 0.0157628
0.559 0.0157627
0.56 0.0157627
0.561 0.0157627
0.562 0.0157627
0.563 0.0157627
0.564 0.0157627
0.565 0.0157627
0.566 0.0157627
0.567 0.0157627
0.568 0.0157627
0.569 0.0157625
0.57 0.0157626
0.571 0.0157626
0.572 0.0157626
0.573 0.0157626
0.574 0.0157625
0.575 0.0157625
0.576 0.0157625
0.577 0.0157625
0.578 0.0157625
0.579 0.0157625
0.58 0.0157625
0.581 0.0157625
0.582 0.0157625
0.583 0.0157625
0.584 0.0157625
0.585 0.0157625
0.586 0.0157625
0.587 0.0157625
0.588 0.0157625
0.589 0.0157626
0.59 0.0157626
0.591 0.0157626
0.592 0.0157626
0.593 0.0157626
0.594 0.0157627
0.595 0.0157627
0.596 0.0157626
0.597 0.0157626
0.598 0.0157627
0.599 0.0157627
0.6 0.0157627
0.601 0.0157627
0.602 0.0157628
0.603 0.0157629
0.604 0.0157628
0.605 0.0157629
0.606 0.0157629
0.607 0.0157629
0.608 0.0157629
0.609 0.015763
0.61 0.015763
0.611 0.015763
0.612 0.015763
0.613 0.015763
0.614 0.0157629
0.615 0.0157629
0.616 0.0157629
0.617 0.0157629
0.618 0.0157629
0.619 0.0157629
0.62 0.0157629
0.621 0.0157629
0.622 0.0157627
0.623 0.0157627
0.624 0.0157627
0.625 0.0157627
0.626 0.0157627
0.627 0.0157627
0.628 0.0157627
0.629 0.0157627
0.63 0.0157627
0.631 0.0157626
0.632 0.0157626
0.633 0.0157626
0.634 0.0157627
0.635 0.0157627
0.636 0.0157627
0.637 0.0157627
0.638 0.0157627
0.639 0.0157626
0.64 0.0157626
0.641 0.0157626
0.642 0.0157626
0.643 0.0157627
0.644 0.0157627
0.645 0.0157627
0.646 0.0157627
0.647 0.0157627
0.648 0.0157627
0.649 0.0157628
0.65 0.0157628
0.651 0.0157628
0.652 0.0157628
0.653 0.0157628
0.654 0.0157628
0.655 0.0157629
0.656 0.0157629
0.657 0.0157629
0.658 0.0157629
0.659 0.0157631
0.66 0.0157631
0.661 0.0157631
0.662 0.015763
0.663 0.015763
0.664 0.015763
0.665 0.0157629
0.666 0.0157629
0.667 0.0157629
0.668 0.0157631
0.669 0.0157631
0.67 0.0157631
0.671 0.0157631
0.672 0.0157631
0.673 0.0157631
0.674 0.0157631
0.675 0.0157631
0.676 0.0157631
0.677 0.0157631
0.678 0.0157631
0.679 0.0157631
0.68 0.0157631
0.681 0.0157631
0.682 0.0157631
0.683 0.0157631
0.684 0.0157631
0.685 0.0157631
0.686 0.0157631
0.687 0.015763
0.688 0.015763
0.689 0.0157629
0.69 0.0157629
0.691 0.0157629
0.692 0.0157628
0.693 0.0157628
0.694 0.0157627
0.695 0.0157627
0.696 0.0157627
0.697 0.0157627
0.698 0.0157626
0.699 0.0157626
0.7 0.0157627
0.701 0.0157626
0.702 0.0157626
0.703 0.0157626
0.704 0.0157626
0.705 0.0157626
0.706 0.0157626
0.707 0.0157626
0.708 0.0157626
0.709 0.0157626
0.71 0.0157627
0.711 0.0157627
0.712 0.0157627
0.713 0.0157627
0.714 0.0157627
0.715 0.0157627
0.716 0.0157627
0.717 0.0157627
0.718 0.0157627
0.719 0.0157627
0.72 0.0157627
0.721 0.0157627
0.722 0.0157627
0.723 0.0157626
0.724 0.0157628
0.725 0.0157628
0.726 0.0157629
0.727 0.0157629
0.728 0.0157629
0.729 0.0157629
0.73 0.0157629
0.731 0.0157629
0.732 0.0157629
0.733 0.015763
0.734 0.015763
0.735 0.0157631
0.736 0.0157631
0.737 0.0157631
0.738 0.0157631
0.739 0.0157631
0.74 0.0157631
0.741 0.0157631
0.742 0.0157631
0.743 0.0157631
0.744 0.0157631
0.745 0.0157631
0.746 0.0157631
0.747 0.0157631
0.748 0.0157631
0.749 0.0157631
0.75 0.0157632
0.751 0.0157632
0.752 0.0157632
0.753 0.0157631
0.754 0.0157631
0.755 0.015763
0.756 0.015763
0.757 0.015763
0.758 0.015763
0.759 0.015763
0.76 0.015763
0.761 0.015763
0.762 0.0157631
0.763 0.0157632
0.764 0.0157632
0.765 0.0157632
0.766 0.0157632
0.767 0.0157632
0.768 0.0157632
0.769 0.0157632
0.77 0.0157632
0.771 0.0157632
0.772 0.0157632
0.773 0.0157633
0.774 0.0157632
0.775 0.0157633
0.776 0.0157633
0.777 0.0157633
0.778 0.0157633
0.779 0.0157634
0.78 0.0157634
0.781 0.0157635
0.782 0.0157635
0.783 0.0157635
0.784 0.0157635
0.785 0.0157635
0.786 0.0157635
0.787 0.0157635
0.788 0.0157635
0.789 0.0157636
0.79 0.0157636
0.791 0.0157636
0.792 0.0157636
0.793 0.0157636
0.794 0.0157636
0.795 0.0157636
0.796 0.0157637
0.797 0.0157637
0.798 0.0157637
0.799 0.0157637
0.8 0.0157637
0.801 0.0157637
0.802 0.0157637
0.803 0.0157638
0.804 0.0157638
0.805 0.0157638
0.806 0.0157638
0.807 0.0157638
0.808 0.0157637
0.809 0.0157637
0.81 0.0157637
0.811 0.0157636
0.812 0.0157636
0.813 0.0157635
0.814 0.0157635
0.815 0.0157634
0.816 0.0157634
0.817 0.0157634
0.818 0.0157634
0.819 0.0157634
0.82 0.0157634
0.821 0.0157634
0.822 0.0157634
0.823 0.0157634
0.824 0.0157633
0.825 0.0157633
0.826 0.0157633
0.827 0.0157634
0.828 0.0157633
0.829 0.0157633
0.83 0.0157633
0.831 0.0157633
0.832 0.0157633
0.833 0.0157633
0.834 0.0157633
0.835 0.0157633
0.836 0.0157633
0.837 0.0157633
0.838 0.0157633
0.839 0.0157634
0.84 0.0157634
0.841 0.0157634
0.842 0.0157634
0.843 0.0157634
0.844 0.0157634
0.845 0.0157634
0.846 0.0157634
0.847 0.0157634
0.848 0.0157634
0.849 0.0157634
0.85 0.0157634
0.851 0.0157634
0.852 0.0157634
0.853 0.0157634
0.854 0.0157634
0.855 0.0157634
0.856 0.0157634
0.857 0.0157634
0.858 0.0157634
0.859 0.0157634
0.86 0.0157634
0.861 0.0157635
0.862 0.0157635
0.863 0.0157635
0.864 0.0157635
0.865 0.0157635
0.866 0.0157635
0.867 0.0157635
0.868 0.0157635
0.869 0.0157634
0.87 0.0157635
0.871 0.0157635
0.872 0.0157635
0.873 0.0157635
0.874 0.0157635
0.875 0.0157634
0.876 0.0157634
0.877 0.0157634
0.878 0.0157634
0.879 0.0157634
0.88 0.0157634
0.881 0.0157634
0.882 0.0157634
0.883 0.0157634
0.884 0.0157634
0.885 0.0157634
0.886 0.0157634
0.887 0.0157634
0.888 0.0157634
0.889 0.0157633
0.89 0.0157633
0.891 0.0157633
0.892 0.0157632
0.893 0.0157633
0.894 0.0157633
0.895 0.0157633
0.896 0.0157633
0.897 0.0157633
0.898 0.0157633
0.899 0.0157633
0.9 0.0157633
0.901 0.0157633
0.902 0.0157633
0.903 0.0157633
0.904 0.0157633
0.905 0.0157633
0.906 0.0157633
0.907 0.0157633
0.908 0.0157633
0.909 0.0157633
0.91 0.0157633
0.911 0.0157635
0.912 0.0157635
0.913 0.0157635
0.914 0.0157635
0.915 0.0157635
0.916 0.0157636
0.917 0.0157636
0.918 0.0157637
0.919 0.0157637
0.92 0.0157637
0.921 0.0157637
0.922 0.0157637
0.923 0.0157637
0.924 0.0157637
0.925 0.0157637
0.926 0.0157637
0.927 0.0157637
0.928 0.0157637
0.929 0.0157637
0.93 0.0157637
0.931 0.0157637
0.932 0.0157637
0.933 0.0157637
0.934 0.0157637
0.935 0.0157637
0.936 0.0157637
0.937 0.0157637
0.938 0.0157637
0.939 0.0157637
0.94 0.0157637
0.941 0.0157637
0.942 0.0157637
0.943 0.0157637
0.944 0.0157637
0.945 0.0157637
0.946 0.0157635
0.947 0.0157635
0.948 0.0157635
0.949 0.0157635
0.95 0.0157635
0.951 0.0157637
0.952 0.0157637
0.953 0.0157635
0.954 0.0157635
0.955 0.0157635
0.956 0.0157636
0.957 0.0157634
0.958 0.0157634
0.959 0.0157634
0.96 0.0157634
0.961 0.0157634
0.962 0.0157634
0.963 0.0157634
0.964 0.0157634
0.965 0.0157634
0.966 0.0157634
0.967 0.0157634
0.968 0.0157635
0.969 0.0157635
0.97 0.0157635
0.971 0.0157635
0.972 0.0157635
0.973 0.0157635
0.974 0.0157635
0.975 0.0157635
0.976 0.0157634
0.977 0.0157634
0.978 0.0157634
0.979 0.0157634
0.98 0.0157634
0.981 0.0157634
0.982 0.0157634
0.983 0.0157634
0.984 0.0157634
0.985 0.0157634
0.986 0.0157634
0.987 0.0157634
0.988 0.0157634
0.989 0.0157634
0.99 0.0157634
0.991 0.0157636
0.992 0.0157636
0.993 0.0157636
0.994 0.0157636
0.995 0.0157636
0.996 0.0157636
0.997 0.0157636
0.998 0.0157636
0.999 0.0157636
1 0.0157636
