# q/gT, DeltaC(q)/gT, C(q), CMin, CMax, 2pisigma/q^3, bbLnbCoef/q^4
1.000000000000000056e-01, -1.604479398268834789e+00, 2.278887985013646357e+03, 2.278841529476339929e+03, 2.278935946904212869e+03, 2.245948517499415175e+03, -1.410365035962590082e+04
1.055898194433578657e-01, -1.603493735754191407e+00, 1.937183381583777646e+03, 1.937137063696167615e+03, 1.937231217555386820e+03, 1.907803561698926387e+03, -1.134601475350745022e+04
1.114920997008091719e-01, -1.602395682641083896e+00, 1.646756248244433209e+03, 1.646710083502970747e+03, 1.646803944121548511e+03, 1.620568949676315924e+03, -9.127569636533671655e+03
1.177243067676929378e-01, -1.601172501352999822e+00, 1.399903820783804576e+03, 1.399857826395188567e+03, 1.399951360726637631e+03, 1.376579734611823369e+03, -7.342889047805679184e+03
1.243048829569517316e-01, -1.599810078555730763e+00, 1.190081252872314053e+03, 1.190035448474489158e+03, 1.190128619374900381e+03, 1.169324986834067204e+03, -5.907160582218322816e+03
1.312533014735226544e-01, -1.598292813696205350e+00, 1.011727468020424794e+03, 1.011681873755188235e+03, 1.011774641658223914e+03, 9.932740475945324761e+02, -4.752154896653614742e+03
1.385901240393387357e-01, -1.596603212336989763e+00, 8.601172121013826199e+02, 8.600718519664725363e+02, 8.601641713114554477e+02, 8.437289416828544972e+02, -3.822983284010930674e+03
1.463370617394634809e-01, -1.594721978514604510e+00, 7.312353629581646146e+02, 7.311902629398515501e+02, 7.312820838089303379e+02, 7.166990104667144124e+02, -3.075489227028094319e+03
1.545170392694146522e-01, -1.592627762095086164e+00, 6.216701486513665031e+02, 6.216253375407916337e+02, 6.217166047040949479e+02, 6.087944198991857547e+02, -2.474149972123919724e+03
1.631542627737973539e-01, -1.590296803988653362e+00, 5.285224288971868418e+02, 5.284779384855860371e+02, 5.285685908494419891e+02, 5.171357017209096512e+02, -1.990388400897128122e+03
1.722742914769942457e-01, -1.587702859214168427e+00, 4.493286223125316496e+02, 4.492844877795549792e+02, 4.493744577837437078e+02, 4.392769139353533774e+02, -1.601214975268851731e+03
1.819041133178822822e-01, -1.584816906019801852e+00, 3.819952267082641129e+02, 3.819514867068014610e+02, 3.820406999433679403e+02, 3.731403700700356012e+02, -1.288135218166266213e+03
1.920722248123929998e-01, -1.581606800835037685e+00, 3.247431880216641389e+02, 3.246998853048689284e+02, 3.247882595453513090e+02, 3.169611954533390303e+02, -1.036270810546005123e+03
2.028087153802462239e-01, -1.578037114880250780e+00, 2.760606358956210329e+02, 2.760178174395362589e+02, 2.761052622330494160e+02, 2.692402309735430777e+02, -8.336525371291146485e+02
2.141453563853955300e-01, -1.574068775717802904e+00, 2.346627275090266664e+02, 2.346204448940210057e+02, 2.347068608374848964e+02, 2.287040275419406612e+02, -6.706514798922412410e+02
2.261156951536744397e-01, -1.569658712948923007e+00, 1.994575301101316427e+02, 1.994157259928488486e+02, 1.995011178949395401e+02, 1.942708636995802749e+02, -5.395214282326264765e+02
2.387551542458583309e-01, -1.564759572944925736e+00, 1.695170337528171558e+02, 1.694757584480556716e+02, 1.695600183644119454e+02, 1.650218795366854749e+02, -4.340307600140450290e+02
2.521011362799123745e-01, -1.559319385136265668e+00, 1.440525226138667279e+02, 1.440118312648130257e+02, 1.440948410315991737e+02, 1.401765566242199554e+02, -3.491662995767876509e+02
2.661931346126130693e-01, -1.553281163789413721e+00, 1.223936492909568869e+02, 1.223536022153323302e+02, 1.224352326749189075e+02, 1.190718896317923026e+02, -2.808950793169630060e+02
2.810728502080727109e-01, -1.546582636260148469e+00, 1.039706549208600137e+02, 1.039313177710050269e+02, 1.040114283527418735e+02, 1.011446938199080421e+02, -2.259726831601944070e+02
2.967843150390037654e-01, -1.539155813174616583e+00, 8.829926223401173502e+01, 8.826070622640897056e+01, 8.833914436836819561e+01, 8.591657627638296901e+01, -1.817890639408359732e+02
3.133740223858904606e-01, -1.530926746961375207e+00, 7.496783922049554860e+01, 7.493014143918389891e+01, 7.500674206351452256e+01, 7.298116984959052900e+01, -1.462445075498697804e+02
3.308910644196496054e-01, -1.521815271696743688e+00, 6.362649211272163541e+01, 6.358973558918935254e+01, 6.366432087364143655e+01, 6.199328911199734193e+01, -1.176498493631308406e+02
3.493872774749130494e-01, -1.511734715411675811e+00, 5.397779756797456940e+01, 5.394207134334752141e+01, 5.401445054471027163e+01, 5.265971897743222030e+01, -9.464620098944493520e+01
3.689173954438244585e-01, -1.500591795762570513e+00, 4.576892735934583811e+01, 4.573432646287982806e+01, 4.580429611401645218e+01, 4.473139016341493601e+01, -7.614037255658095660e+01
3.895392117442727509e-01, -1.488286598186726595e+00, 3.878495627300825532e+01, 3.875158147160115618e+01, 3.881892577496479646e+01, 3.799673269827279398e+01, -6.125292164343160550e+01
4.113137503418571872e-01, -1.474712663145420821e+00, 3.284317528092535809e+01, 3.281113270479961841e+01, 3.287562448077087396e+01, 3.227603010927239779e+01, -4.927636001607772442e+01
4.343054463316707303e-01, -1.459757280832118198e+00, 2.778825874551940700e+01, 2.775765920230485051e+01, 2.781906130643470121e+01, 2.741662363148432746e+01, -3.964153204918164164e+01
4.585823366142806612e-01, -1.443302013423185093e+00, 2.348815722416784979e+01, 2.345911526348768206e+01, 2.351718265485380144e+01, 2.328883846017113868e+01, -3.189056705271182324e+01
4.842162612301506575e-01, -1.425223525695568316e+00, 1.983060669343383609e+01, 1.980323934405548414e+01, 1.985772191363216166e+01, 1.978252333745088265e+01, -2.565512013213181319e+01
5.112830759482941412e-01, -1.405394664179476116e+00, 1.672016156081384963e+01, 1.669458658832158449e+01, 1.674523291376238276e+01, 1.680411113100714715e+01, -2.063886753428383258e+01
5.398628767382501747e-01, -1.383686085507056296e+00, 1.407567241018868387e+01, 1.405200614291623751e+01, 1.409856826564643306e+01, 1.427412196545521361e+01, -1.660342461480882292e+01
5.700402367896360012e-01, -1.359968291337816604e+00, 1.182814171244400114e+01, 1.180649638443738958e+01, 1.184873576131673190e+01, 1.212504227663242418e+01, -1.335701721432680245e+01
6.019044567806662860e-01, -1.334114288859938657e+00, 9.918900431737760925e+00, 9.899380889966394648e+00, 9.937075702573940461e+00, 1.029952319070261879e+01, -1.074536807934770088e+01
6.355498291362295937e-01, -1.306002482158439504e+00, 8.298057618902467070e+00, 8.280757199480065722e+00, 8.313710915758431241e+00, 8.748850151249405016e+00, -8.644365228250084243e+00
6.710759170575143484e-01, -1.275521346185318317e+00, 6.923180398700010230e+00, 6.908176881346694387e+00, 6.936228243025306384e+00, 7.431642955871156531e+00, -6.954163845070937988e+00
7.085878491488875053e-01, -1.242573345215870262e+00, 5.758172016979254515e+00, 5.745522194416354367e+00, 5.768556540327573146e+00, 6.312751512341560733e+00, -5.594441408612440547e+00
7.481966305138832984e-01, -1.207080744178766096e+00, 4.772315668894966834e+00, 4.762050027559677545e+00, 4.780011534036212595e+00, 5.362317847238299073e+00, -4.500580568946648263e+00
7.900194712408967757e-01, -1.168991705396431158e+00, 3.939460538535563661e+00, 3.931577403711398855e+00, 3.944859133495012937e+00, 4.554979336442250393e+00, -3.620598372233901241e+00
8.341801332506336708e-01, -1.128287075773852788e+00, 3.237328251458614137e+00, 3.231788083221319496e+00, 3.243142221118978874e+00, 3.869191895460172947e+00, -2.912675903075951478e+00
8.808092965317061429e-01, -1.084987668503375691e+00, 2.646921757315159329e+00, 2.643641767366117001e+00, 2.653062262618714584e+00, 3.286655068689685155e+00, -2.343170946940714927e+00
9.300449458481390153e-01, -1.039161811243996869e+00, 2.152021423208228867e+00, 2.148542739727416606e+00, 2.158381476045197367e+00, 2.791823675951042638e+00, -1.885019229495743076e+00
9.820327790631256937e-01, -9.909326806895489836e-01, 1.738755691180407625e+00, 1.734036938345920209e+00, 1.745983692232326412e+00, 2.371492984418405836e+00, -1.516448255816745805e+00
1.036926638287343883e+00, -9.404850417951040598e-01, 1.395235526692913952e+00, 1.388951767802402149e+00, 1.403986939032877190e+00, 2.014446336131847204e+00, -1.219942627951237091e+00
1.094888965127686964e+00, -8.880707287837849018e-01, 1.111243841519279574e+00, 1.103536386599817121e+00, 1.121127835939792039e+00, 1.711155827918343864e+00, -9.814116701865351899e-01
1.156091281383574199e+00, -8.340121280403143267e-01, 8.779725750759950209e-01, 8.692541393189799903e-01, 8.885574165802746505e-01, 1.453528056270479762e+00, -7.895198055304150087e-01
1.220714696613318884e+00, -7.787029962623526202e-01, 6.878012545727270055e-01, 6.785213160187377746e-01, 6.986320113394300924e-01, 1.234688142304159797e+00, -6.351478612500154330e-01
1.288950444072537227e+00, -7.226051376736570830e-01, 5.341126917734264623e-01, 5.247358401279028639e-01, 5.447340006099827825e-01, 1.048796273432798909e+00, -5.109597033850834524e-01
1.361000446610551418e+00, -6.662421207455182515e-01, 4.111396909095178520e-01, 4.021187679792066483e-01, 4.211239513947941937e-01, 8.908918661142798401e-01, -4.110536056431790541e-01
1.437077914199375250e+00, -6.101864190724389791e-01, 3.138421802527328053e-01, 3.055860389145755862e-01, 3.228192958591471484e-01, 7.567611911041361994e-01, -3.306817848704561857e-01
1.517407974863493658e+00, -5.550427929129549964e-01, 2.378083786587420478e-01, 2.306484963253848663e-01, 2.454950657862443597e-01, 6.428249287527885159e-01, -2.660247747346943248e-01
1.602228340877476898e+00, -5.014263924422848184e-01, 1.791784797902779836e-01, 1.733384306531801089e-01, 1.854024596798397595e-01, 5.460426537242503153e-01, -2.140099153038271529e-01
1.691790012202836202e+00, -4.499368495000547474e-01, 1.345870064306022851e-01, 1.301604553463489022e-01, 1.393013667468542827e-01, 4.638317002806940925e-01, -1.721653326989105448e-01
1.786358019245736894e+00, -4.011297311804734034e-01, 1.011202677773022224e-01, 9.806346629338452692e-02, 1.044038351581052515e-01, 3.939982430272278568e-01, -1.385024695759807800e-01
1.886212207133517449e+00, -3.554869730043150877e-01, 7.628543714170143986e-02, 7.426121756612208413e-02, 7.832645410556410281e-02, 3.346787539846893256e-01, -1.114215839967814536e-01
1.991648063830856241e+00, -3.133888053893593151e-01, 5.798715104682704291e-02, 5.652887957585051026e-02, 5.931456722552058691e-02, 2.842902737538440805e-01, -8.963572576257375357e-02
2.102977594546134199e+00, -2.750897389369855728e-01, 4.450771649895272214e-02, 4.349004829818386986e-02, 4.533167489143530293e-02, 2.414881697412226691e-01, -7.210957737968803904e-02
2.220530245015534643e+00, -2.407016843895769254e-01, 3.448670479673713457e-02, 3.378865694647303908e-02, 3.499293954701040987e-02, 2.051302542114386285e-01, -5.801025322928008571e-02
2.344653876397055026e+00, -2.101875132392680423e-01, 2.689565174173668555e-02, 2.642066577270607564e-02, 2.724781059789649351e-02, 1.742463046448216868e-01, -4.666771879699187914e-02
2.475715794659341107e+00, -1.833683509699777781e-01, 2.100374398951373317e-02, 2.057731407378096677e-02, 2.130713387834284878e-02, 1.480121730414302172e-01, -3.754294898709129719e-02
2.614103837511490891e+00, -1.599470259613953727e-01, 1.633136422920117986e-02, 1.595756291942929117e-02, 1.660545132104879196e-02, 1.257277932700039125e-01, -3.020231232597103341e-02
2.760227522090272334e+00, -1.395476153347047776e-01, 1.259095502819059312e-02, 1.225987397663091949e-02, 1.284030372397887421e-02, 1.067984995809781179e-01, -2.429696372943810495e-02
2.914519256800990998e+00, -1.217664362619261392e-01, 9.619343533161947568e-03, 9.316653293293175597e-03, 9.834363538014145867e-03, 9.071915776214760363e-02, -1.954626652748017029e-02
3.077435620898061774e+00, -1.062240259608708132e-01, 7.311550684480282343e-03, 7.027273361609895352e-03, 7.475693326646506986e-03, 7.706068547183297923e-02, -1.572445592040764423e-02
3.249458715591842406e+00, -9.260361528385495367e-02, 5.570211666068668362e-03, 5.302284953540015167e-03, 5.701593296704138281e-03, 6.545860204035684748e-02, -1.264991008104904280e-02
3.431097590679882181e+00, -8.066367477506965200e-02, 4.282715395817745206e-03, 4.035693444356613924e-03, 4.395018233915151673e-03, 5.560330218765037469e-02, -1.017651903942491318e-02
3.622889750924289221e+00, -7.022259534106557732e-02, 3.327734395951780638e-03, 3.108226513734324570e-03, 3.441228826316630740e-03, 4.723179410805381645e-02, -8.186741178099312191e-03
3.825402746632876383e+00, -6.112792447494790754e-02, 2.598497381885067365e-03, 2.409796382408901927e-03, 2.700508136888123134e-03, 4.012068145048153928e-02, -6.586017365813751252e-03
4.039235853150906941e+00, -5.323053318554164803e-02, 2.022236535304418586e-03, 1.861486597363355699e-03, 2.104056086552542892e-03, 3.408020191586454140e-02, -5.298277275313931049e-03
4.265021844233418236e+00, -4.637746579221627141e-02, 1.561893191679559340e-03, 1.422269467456098446e-03, 1.634371101133839932e-03, 2.894916338994928465e-02, -4.262324334554733370e-03
4.503428864545838017e+00, -4.042148876454650097e-02, 1.201926123113087296e-03, 1.077983924122186132e-03, 1.273190340530409859e-03, 2.459064248054999499e-02, -3.428927515285807529e-03
4.755162406834012145e+00, -3.523509851913154967e-02, 9.303436740681664437e-04, 8.207850618678555477e-04, 9.911998600393850944e-04, 2.088833067335453195e-02, -2.758481753667944153e-03
5.020967399614465698e+00, -3.071766366488890704e-02, 7.281831272866246853e-04, 6.334558047488281218e-04, 7.783282891940523918e-04, 1.774343060229163424e-02, -2.219125820361567050e-03
5.301630411562775258e+00, -2.678985120142792983e-02, 5.722017177975373837e-04, 4.912993611168037233e-04, 6.170234777325075970e-04, 1.507201961044884499e-02, -1.785228196651033813e-03
5.597981979123284546e+00, -2.337937060264452804e-02, 4.466720905303099825e-04, 3.771681963005354965e-04, 4.893010786484429386e-04, 1.280281024732698655e-02, -1.436169001719168805e-03
5.910899064227987054e+00, -2.041453287242119344e-02, 3.477227354640745859e-04, 2.873789711610244546e-04, 3.844617381306633663e-04, 1.087524794058966973e-02, -1.155360085264335547e-03
6.241307649397461077e+00, -1.783257499495280451e-02, 2.732198660006664691e-04, 2.209572046795449385e-04, 3.031587983965758348e-04, 9.237895078074195854e-03, -9.294567178543187936e-04
6.590185477903262701e+00, -1.558462489173970643e-02, 2.162704016519470139e-04, 1.716213400588251226e-04, 2.429123263322386511e-04, 7.847058378779385099e-03, -7.477234166064103361e-04
6.958564947100448705e+00, -1.362898365968075176e-02, 1.706307630187910108e-04, 1.323907674757266589e-04, 1.944802224198589197e-04, 6.665622923789297181e-03, -6.015237686723496962e-04
7.347536163492154770e+00, -1.192620327045623013e-02, 1.345104907307606177e-04, 1.014463980774302221e-04, 1.545935431446314456e-04, 5.662061732877873323e-03, -4.839100076870389328e-04
7.758250168566790173e+00, -1.044156777024852351e-02, 1.071347002477421101e-04, 7.875024823490554826e-05, 1.243294099254870638e-04, 4.809594457031631659e-03, -3.892928388457780626e-04
8.191922344953681545e+00, -9.147629208692744512e-03, 8.539033038780930850e-05, 6.118643884111749087e-05, 1.002170177785508681e-04, 4.085472736333434912e-03, -3.131758218867354907e-04
8.649836012976679811e+00, -8.019276745409885387e-03, 6.805744454963728440e-05, 4.716497575531219955e-05, 8.071540352503660254e-05, 3.470373152755410438e-03, -2.519416892055577426e-04
9.133346228248624854e+00, -7.034302278449485780e-03, 5.464494480962687074e-05, 3.673827380364005218e-05, 6.542646737089496262e-05, 2.947881578613619543e-03, -2.026804444140845572e-04
9.643883791544459072e+00, -6.174318056639837606e-03, 4.396049332114961581e-05, 2.862534479383151143e-05, 5.312885297250376920e-05, 2.504055160359293375e-03, -1.630510721644581873e-04
1.018295948281904906e+01, -5.422981379358475518e-03, 3.544696700078777893e-05, 2.222751538667137178e-05, 4.323475574383086467e-05, 2.127050249104954667e-03, -1.311702873497936511e-04
1.075216853189892241e+01, -4.766051998661698791e-03, 2.874911077274666660e-05, 1.743582174873296864e-05, 3.529709842636612194e-05, 1.806806349093474390e-03, -1.055230367701802293e-04
1.135319533907761347e+01, -4.191424335238315424e-03, 2.335913450488843286e-05, 1.359609824684755719e-05, 2.890393127445538279e-05, 1.534777650174548938e-03, -8.489050008335087766e-05
1.198781845958377268e+01, -3.688379531396177372e-03, 1.908842994955057583e-05, 1.069745070605846241e-05, 2.374349813345343757e-05, 1.303704980147513647e-03, -6.829216846835333831e-05
1.265791586667202928e+01, -3.247791858138684984e-03, 1.562423436133754504e-05, 8.389762659980013609e-06, 1.948411005271363794e-05, 1.107422091446360300e-03, -5.493924843805515253e-05
1.336547050891114274e+01, -2.861590760551503947e-03, 1.286427535379344083e-05, 6.617305089190016892e-06, 1.611878769715866314e-05, 9.406911128656313473e-04, -4.419717643520190161e-05
1.411257617811453358e+01, -2.522878760839362099e-03, 1.062432748164947620e-05, 5.216274200632847052e-06, 1.331842204364353313e-05, 7.990627753042605849e-04, -3.555546281356280428e-05
1.490144370527747064e+01, -2.225606142817564831e-03, 8.813615000312162960e-06, 4.139752535788250587e-06, 1.101120292293714109e-05, 6.787576816069622711e-04, -2.860343211607873897e-05
1.573440750285609724e+01, -1.964536956679035270e-03, 7.339984255235154327e-06, 3.280567270323199447e-06, 9.149507714092952604e-06, 5.765654521511557294e-04, -2.301070676844164188e-05
1.661393247274790497e+01, -1.735106737389954801e-03, 6.141429715176739018e-06, 2.613458442409736376e-06, 7.723313076037595371e-06, 4.897590548474417852e-04, -1.851150672529134827e-05
1.754262130041591661e+01, -1.533352396444177595e-03, 5.160930635924508786e-06, 2.088472274125756020e-06, 6.544011743818845678e-06, 4.160220334224522471e-04, -1.489201894965148006e-05
1.852322215674120187e+01, -1.355822368068508848e-03, 4.354308803128094070e-06, 1.671768232672536311e-06, 5.568356690060583328e-06, 3.533866920477133733e-04, -1.198023649224526337e-05
1.955863683039509482e+01, -1.199507498154979337e-03, 3.688730464327042292e-06, 1.343400827944624121e-06, 4.758485099419290307e-06, 3.001815867517117296e-04, -9.637784298782668476e-06
2.065192931479627347e+01, -1.061786194474831748e-03, 3.136718276466941933e-06, 1.081645724192214011e-06, 4.084329640099623737e-06, 2.549869224068266075e-04, -7.753343287504120931e-06
2.180633487506327484e+01, -9.403701928248426245e-04, 2.677936062503681331e-06, 8.744082453529880561e-07, 3.522362518218837869e-06, 2.165966650455595003e-04, -6.237360192993548687e-06
2.302526962179329217e+01, -8.332643364448621059e-04, 2.294165505625896052e-06, 7.089228506565502588e-07, 3.053809451224621246e-06, 1.839863584611907941e-04, -5.017791775045249315e-06
2.431234061999786533e+01, -7.387246000221486765e-04, 1.972229932813288945e-06, 5.760040548239298702e-07, 2.652485086041119974e-06, 1.562857862686367453e-04, -4.036681146936902124e-06
2.567135656310992431e+01, -6.552283683167997976e-04, 1.699986870001589715e-06, 4.689407916355636807e-07, 2.311478344600541301e-06, 1.327557499039151408e-04, -3.247403521818879255e-06
2.710633904364836866e+01, -5.814436945018353368e-04, 1.467920129970939067e-06, 3.837317091251067278e-07, 2.017554099377049520e-06, 1.127683428757699196e-04, -2.612450488323532645e-06
2.862153445389272832e+01, -5.162030312343394598e-04, 1.270200398437183449e-06, 3.145613476119050664e-07, 1.782322196941629917e-06, 9.579019488158663318e-05, -2.101647518728815231e-06
3.022142655178379300e+01, -4.584872894466633501e-04, 1.098812069387763231e-06, 2.583518199358652775e-07, 1.573646956219546846e-06, 8.136823865152235610e-05, -1.690720001286387549e-06
3.191074972923552266e+01, -4.073996161306523236e-04, 9.508854368209932232e-07, 2.128043229803204713e-07, 1.386507673385348714e-06, 6.911761970455894508e-05, -1.360139651048064097e-06
3.369450302212159443e+01, -3.621566832308681285e-04, 8.210389478938512017e-07, 1.755623665710532265e-07, 1.218605033167380076e-06, 5.871142638448470020e-05, -1.094196477799748256e-06
3.557796490339494966e+01, -3.220690765893246404e-04, 7.067962730965821733e-07, 1.449478236161872748e-07, 1.064843274982667926e-06, 4.987196611855257433e-05, -8.802522087396053731e-07
3.756670890311595912e+01, -2.865312574923530400e-04, 6.063080490726062855e-07, 1.205001350178648914e-07, 9.253443536061042862e-07, 4.236335510300829189e-05, -7.081396867124258720e-07
3.966662010161198992e+01, -2.550124525987788665e-04, 5.167666494180178617e-07, 9.981605673985627022e-08, 7.951861558686554657e-07, 3.598522366889320270e-05, -5.696797019290570540e-07
4.188391254457479107e+01, -2.270444718723265353e-04, 4.372942579849365324e-07, 8.325837371151042186e-08, 6.766196804886632967e-07, 3.056736935381015131e-05, -4.582922958274651858e-07
4.422514763163044194e+01, -2.022159496232751440e-04, 3.666197000752409907e-07, 6.948095235929387624e-08, 5.673148110267036640e-07, 2.596521499517442726e-05, -3.686840652801848061e-07
4.669725353279708457e+01, -1.801646331614520521e-04, 3.037563914135200547e-07, 5.801798343762023559e-08, 4.675393235691830546e-07, 2.205595064272656086e-05, -2.965966070760577578e-07
4.930754569028749756e+01, -1.605707225464230456e-04, 2.485373514979875045e-07, 4.844618265272470845e-08, 3.773943519991621032e-07, 1.873525633601723798e-05, -2.386041481401601742e-07
5.206374846632574815e+01, -1.431528831776116245e-04, 2.002643486211600355e-07, 4.051685179240959930e-08, 2.974126057520964234e-07, 1.591451829314042453e-05, -1.919507443828990672e-07
5.497401800103735781e+01, -1.276625409768700290e-04, 1.587568782881433810e-07, 3.405133117132170574e-08, 2.282685868372990277e-07, 1.351846422382828277e-05, -1.544193114677353433e-07
5.804696634805439714e+01, -1.138804252614623977e-04, 1.237456347238890980e-07, 2.861743859389881666e-08, 1.695043144749779681e-07, 1.148315466448612522e-05, -1.242262635179123841e-07
6.129168695925734056e+01, -1.016130056020892180e-04, 9.488623651687070368e-08, 2.404626904775500167e-08, 1.233345308119724020e-07, 9.754276733305382614e-06, -9.993675273475257967e-08
6.471778159406794373e+01, -9.068932382297533671e-05, 7.182468433950527244e-08, 2.023697784928014595e-08, 9.848495893714185202e-08, 8.285694773768037514e-06, -8.039648190599391663e-08
6.833538873292303606e+01, -8.095838809551925608e-05, 5.408933983993355484e-08, 1.697035471969322949e-08, 8.205524344145746253e-08, 7.038219210004198558e-06, -6.467684936708094366e-08
7.215521357901013744e+01, -7.228693898798986637e-05, 4.094914537810764762e-08, 1.435106061198061604e-08, 6.896150405359495732e-08, 5.978560760517215879e-06, -5.203081956923557136e-08
7.618855973704604878e+01, -6.455711579938868566e-05, 3.166609544722364300e-08, 1.211395267350899325e-08, 5.743262909279093706e-08, 5.078442103137455974e-06, -4.185742211531180739e-08
8.044736266284185433e+01, -5.766473736050093394e-05, 2.538994119445932472e-08, 1.019515439365043180e-08, 4.766549581389391407e-08, 4.313843285702079662e-06, -3.367319217042132317e-08
8.494422498263800492e+01, -5.151766891299101208e-05, 2.119070713122209624e-08, 8.625668543684773815e-09, 3.905102924225088961e-08, 3.664360746005197531e-06, -2.708919502549450507e-08
8.969245378672714253e+01, -4.603417837446037783e-05, 1.829724009638773578e-08, 7.267096462834881764e-09, 3.253643255292121717e-08, 3.112662836262128472e-06, -2.179254296460408983e-08
9.470610000772238379e+01, -4.114178800102228088e-05, 1.601105384226934373e-08, 6.155976912070265736e-09, 2.675681940265538673e-08, 2.644027322585463898e-06, -1.753152607219067806e-08
1.000000000000000000e+02, -3.677597276329869718e-05, 1.392266670071122607e-08, 5.211484012347319950e-09, 2.218417170504126098e-08, 2.245948517499415799e-06, -1.410365035962590441e-08
