0.0001 1.85442e+13 
0.293212 753.238 
0.586324 94.6964 
0.879435 27.2711 
1.17255 10.7137 
1.46566 4.84968 
1.75877 2.34034 
2.05188 1.15437 
2.34499 0.565192 
2.63811 0.271303 
2.93122 0.127339 
3.22433 0.0605347 
3.51744 0.0322855 
3.81055 0.0210554 
4.10367 0.0169143 
4.39678 0.0146348 
4.68989 0.0125312 
4.983 0.0102645 
5.27611 0.00802682 
5.56922 0.00605904 
5.86234 0.00453695 
6.15545 0.00346784 
6.44856 0.0027628 
6.74167 0.00229132 
7.03478 0.00194529 
7.3279 0.00166806 
7.62101 0.00143287 
7.91412 0.00122815 
8.20723 0.00105602 
8.50034 0.000916102 
8.79345 0.000805812 
9.08657 0.000713054 
9.37968 0.000635467 
9.67279 0.000565032 
9.9659 0.000501922 
10.259 0.000445101 
10.5521 0.000395668 
10.8452 0.000354558 
11.1383 0.000320019 
11.4315 0.000292008 
11.7246 0.000268175 
12.0177 0.000246706 
12.3108 0.000227424 
12.6039 0.000209108 
12.897 0.000192152 
13.1901 0.000176404 
13.4832 0.000162318 
13.7764 0.000149906 
14.0695 0.000139099 
14.3626 0.000129763 
14.6557 0.00012111 
14.9488 0.000113214 
15.2419 0.000105908 
15.535 9.90018e-05 
15.8281 9.28111e-05 
16.1213 8.72539e-05 
16.4144 8.2111e-05 
16.7075 7.73904e-05 
17.0006 7.29488e-05 
17.2937 6.87387e-05 
17.5868 6.48723e-05 
17.8799 6.13519e-05 
18.173 5.80615e-05 
18.4661 5.50336e-05 
18.7593 5.22762e-05 
19.0524 4.96618e-05 
19.3455 4.72007e-05 
19.6386 4.49312e-05 
19.9317 4.28167e-05 
20.2248 4.07957e-05 
20.5179 3.88915e-05 
20.811 3.71256e-05 
21.1042 3.54524e-05 
21.3973 3.38591e-05 
21.6904 3.23656e-05 
21.9835 3.09894e-05 
22.2766 2.9689e-05 
22.5697 2.84507e-05 
22.8628 2.72841e-05 
23.1559 2.61988e-05 
23.449 2.51692e-05 
23.7422 2.41768e-05 
24.0353 2.32304e-05 
24.3284 2.23386e-05 
24.6215 2.1501e-05 
24.9146 2.06935e-05 
25.2077 1.99191e-05 
25.5008 1.91835e-05 
25.7939 1.84926e-05 
26.0871 1.78364e-05 
26.3802 1.72035e-05 
26.6733 1.65985e-05 
26.9664 1.60253e-05 
27.2595 1.54884e-05 
27.5526 1.49768e-05 
27.8457 1.44819e-05 
28.1388 1.40063e-05 
28.4319 1.35525e-05 
28.7251 1.3123e-05 
29.0182 1.27131e-05 
29.3113 1.23139e-05 
29.6044 1.19277e-05 
29.8975 1.1557e-05 
30.1906 1.12039e-05 
30.4837 1.08698e-05 
30.7768 1.05468e-05 
31.07 1.02336e-05 
31.3631 9.93146e-06 
31.6562 9.64153e-06 
31.9493 9.36501e-06 
32.2424 9.10137e-06 
32.5355 8.84466e-06 
32.8286 8.59521e-06 
33.1217 8.35414e-06 
33.4148 8.12254e-06 
33.708 7.9015e-06 
34.0011 7.69121e-06 
34.2942 7.48679e-06 
34.5873 7.28785e-06 
34.8804 7.09502e-06 
35.1735 6.90891e-06 
35.4666 6.73014e-06 
35.7597 6.55931e-06 
36.0529 6.39409e-06 
36.346 6.23243e-06 
36.6391 6.0749e-06 
36.9322 5.92205e-06 
37.2253 5.77446e-06 
37.5184 5.63267e-06 
37.8115 5.49717e-06 
38.1046 5.3656e-06 
38.3977 5.23701e-06 
38.6909 5.11171e-06 
38.984 4.98999e-06 
39.2771 4.87218e-06 
39.5702 4.75858e-06 
39.8633 4.6495e-06 
40.1564 4.54369e-06 
40.4495 4.43998e-06 
40.7426 4.33861e-06 
41.0358 4.23983e-06 
41.3289 4.14391e-06 
41.622 4.0511e-06 
41.9151 3.96165e-06 
42.2082 3.87561e-06 
42.5013 3.79148e-06 
42.7944 3.70906e-06 
43.0875 3.62857e-06 
43.3806 3.5502e-06 
43.6738 3.47416e-06 
43.9669 3.40067e-06 
44.26 3.32992e-06 
44.5531 3.26197e-06 
44.8462 3.19556e-06 
45.1393 3.13043e-06 
45.4324 3.06666e-06 
45.7255 3.00436e-06 
46.0187 2.9436e-06 
46.3118 2.8845e-06 
46.6049 2.82714e-06 
46.898 2.77161e-06 
47.1911 2.71747e-06 
47.4842 2.66409e-06 
47.7773 2.61158e-06 
48.0704 2.56009e-06 
48.3636 2.50973e-06 
48.6567 2.46064e-06 
48.9498 2.41296e-06 
49.2429 2.36679e-06 
49.536 2.32229e-06 
49.8291 2.27908e-06 
50.1222 2.23666e-06 
50.4153 2.19505e-06 
50.7084 2.1543e-06 
51.0016 2.11444e-06 
51.2947 2.0755e-06 
51.5878 2.03751e-06 
51.8809 2.00052e-06 
52.174 1.96455e-06 
52.4671 1.92954e-06 
52.7602 1.89503e-06 
53.0533 1.86099e-06 
53.3465 1.82748e-06 
53.6396 1.79459e-06 
53.9327 1.76236e-06 
54.2258 1.73087e-06 
54.5189 1.70018e-06 
54.812 1.67036e-06 
55.1051 1.64148e-06 
55.3982 1.61351e-06 
55.6913 1.58604e-06 
55.9845 1.55902e-06 
56.2776 1.53249e-06 
56.5707 1.50645e-06 
56.8638 1.48094e-06 
57.1569 1.45598e-06 
57.45 1.43159e-06 
57.7431 1.4078e-06 
58.0362 1.38461e-06 
58.3294 1.36207e-06 
58.6225 1.33998e-06 
58.9156 1.31814e-06 
59.2087 1.29659e-06 
59.5018 1.27534e-06 
59.7949 1.25444e-06 
60.088 1.2339e-06 
60.3811 1.21376e-06 
60.6742 1.19404e-06 
60.9674 1.17477e-06 
61.2605 1.15597e-06 
61.5536 1.13767e-06 
61.8467 1.11978e-06 
62.1398 1.10211e-06 
62.4329 1.08469e-06 
62.726 1.06753e-06 
63.0191 1.05064e-06 
63.3123 1.03405e-06 
63.6054 1.01776e-06 
63.8985 1.0018e-06 
64.1916 9.86178e-07 
64.4847 9.70913e-07 
64.7778 9.5602e-07 
65.0709 9.41513e-07 
65.364 9.27261e-07 
65.6571 9.13186e-07 
65.9503 8.993e-07 
66.2434 8.85614e-07 
66.5365 8.7214e-07 
66.8296 8.58891e-07 
67.1227 8.45878e-07 
67.4158 8.33112e-07 
67.7089 8.20606e-07 
68.002 8.08372e-07 
68.2952 7.96421e-07 
68.5883 7.84765e-07 
68.8814 7.73364e-07 
69.1745 7.62093e-07 
69.4676 7.50956e-07 
69.7607 7.39961e-07 
70.0538 7.29118e-07 
70.3469 7.18438e-07 
70.64 7.07929e-07 
70.9332 6.97601e-07 
71.2263 6.87463e-07 
71.5194 6.77526e-07 
71.8125 6.67799e-07 
72.1056 6.58291e-07 
72.3987 6.49013e-07 
72.6918 6.39942e-07 
72.9849 6.30977e-07 
73.2781 6.22112e-07 
73.5712 6.13353e-07 
73.8643 6.04705e-07 
74.1574 5.96175e-07 
74.4505 5.87767e-07 
74.7436 5.79487e-07 
75.0367 5.7134e-07 
75.3298 5.63333e-07 
75.623 5.55469e-07 
75.9161 5.47755e-07 
76.2092 5.40196e-07 
76.5023 5.32798e-07 
76.7954 5.25532e-07 
77.0885 5.18337e-07 
77.3816 5.11214e-07 
77.6747 5.04171e-07 
77.9678 4.97211e-07 
78.261 4.90341e-07 
78.5541 4.83566e-07 
78.8472 4.76891e-07 
79.1403 4.70321e-07 
79.4334 4.63862e-07 
79.7265 4.57519e-07 
80.0196 4.51298e-07 
80.3127 4.45203e-07 
80.6059 4.3924e-07 
80.899 4.33413e-07 
81.1921 4.27672e-07 
81.4852 4.21995e-07 
81.7783 4.16384e-07 
82.0714 4.10842e-07 
82.3645 4.05371e-07 
82.6576 3.99975e-07 
82.9507 3.94656e-07 
83.2439 3.89415e-07 
83.537 3.84257e-07 
83.8301 3.79184e-07 
84.1232 3.74197e-07 
84.4163 3.69301e-07 
84.7094 3.64497e-07 
85.0025 3.59788e-07 
85.2956 3.55176e-07 
85.5888 3.50645e-07 
85.8819 3.46156e-07 
86.175 3.41709e-07 
86.4681 3.37308e-07 
86.7612 3.32955e-07 
87.0543 3.28653e-07 
87.3474 3.24406e-07 
87.6405 3.20215e-07 
87.9336 3.16084e-07 
88.2268 3.12016e-07 
88.5199 3.08013e-07 
88.813 3.04078e-07 
89.1061 3.00214e-07 
89.3992 2.96424e-07 
89.6923 2.92711e-07 
89.9854 2.89077e-07 
90.2785 2.85518e-07 
90.5717 2.81999e-07 
90.8648 2.78513e-07 
91.1579 2.75064e-07 
91.451 2.71652e-07 
91.7441 2.68279e-07 
92.0372 2.64946e-07 
92.3303 2.61655e-07 
92.6234 2.58408e-07 
92.9165 2.55205e-07 
93.2097 2.52049e-07 
93.5028 2.48941e-07 
93.7959 2.45882e-07 
94.089 2.42875e-07 
94.3821 2.3992e-07 
94.6752 2.37019e-07 
94.9683 2.34173e-07 
95.2614 2.31382e-07 
95.5546 2.28622e-07 
95.8477 2.25884e-07 
96.1408 2.23171e-07 
96.4339 2.20484e-07 
96.727 2.17825e-07 
97.0201 2.15194e-07 
97.3132 2.12594e-07 
97.6063 2.10025e-07 
97.8994 2.07489e-07 
98.1926 2.04988e-07 
98.4857 2.02523e-07 
98.7788 2.00096e-07 
99.0719 1.97707e-07 
99.365 1.95359e-07 
99.6581 1.93053e-07 
99.9512 1.9079e-07 
100.244 1.88572e-07 
100.537 1.86399e-07 
100.831 1.84255e-07 
101.124 1.8213e-07 
101.417 1.80025e-07 
101.71 1.77942e-07 
102.003 1.75881e-07 
102.296 1.73842e-07 
102.589 1.71827e-07 
102.882 1.69837e-07 
103.175 1.67872e-07 
103.469 1.65933e-07 
103.762 1.64022e-07 
104.055 1.62138e-07 
104.348 1.60283e-07 
104.641 1.58457e-07 
104.934 1.56662e-07 
105.227 1.54898e-07 
105.52 1.53166e-07 
105.813 1.51467e-07 
106.107 1.49802e-07 
106.4 1.48159e-07 
106.693 1.4653e-07 
106.986 1.44915e-07 
107.279 1.43315e-07 
107.572 1.4173e-07 
107.865 1.4016e-07 
108.158 1.38608e-07 
108.451 1.37073e-07 
108.745 1.35556e-07 
109.038 1.34058e-07 
109.331 1.32579e-07 
109.624 1.31121e-07 
109.917 1.29683e-07 
110.21 1.28267e-07 
110.503 1.26873e-07 
110.796 1.25502e-07 
111.089 1.24155e-07 
111.383 1.22832e-07 
111.676 1.21534e-07 
111.969 1.20262e-07 
112.262 1.19011e-07 
112.555 1.1777e-07 
112.848 1.1654e-07 
113.141 1.1532e-07 
113.434 1.14111e-07 
113.727 1.12914e-07 
114.021 1.1173e-07 
114.314 1.10558e-07 
114.607 1.09399e-07 
114.9 1.08255e-07 
115.193 1.07124e-07 
115.486 1.06009e-07 
115.779 1.04909e-07 
116.072 1.03825e-07 
116.365 1.02757e-07 
116.659 1.01706e-07 
116.952 1.00673e-07 
117.245 9.96579e-08 
117.538 9.86612e-08 
117.831 9.76834e-08 
118.124 9.67253e-08 
118.417 9.57859e-08 
118.71 9.48557e-08 
119.003 9.39325e-08 
119.297 9.30167e-08 
119.59 9.21088e-08 
119.883 9.12092e-08 
120.176 9.03181e-08 
120.469 8.94359e-08 
120.762 8.85632e-08 
121.055 8.77001e-08 
121.348 8.68472e-08 
121.642 8.60048e-08 
121.935 8.51732e-08 
122.228 8.43528e-08 
122.521 8.35441e-08 
122.814 8.27473e-08 
123.107 8.1963e-08 
123.4 8.11914e-08 
123.693 8.04329e-08 
123.986 7.96879e-08 
124.28 7.89568e-08 
124.573 7.824e-08 
124.866 7.75378e-08 
125.159 7.68467e-08 
125.452 7.61601e-08 
125.745 7.54782e-08 
126.038 7.48014e-08 
126.331 7.41298e-08 
126.624 7.34638e-08 
126.918 7.28036e-08 
127.211 7.21495e-08 
127.504 7.15018e-08 
127.797 7.08608e-08 
128.09 7.02266e-08 
128.383 6.95997e-08 
128.676 6.89802e-08 
128.969 6.83685e-08 
129.262 6.77648e-08 
129.556 6.71693e-08 
129.849 6.65825e-08 
130.142 6.60044e-08 
130.435 6.54355e-08 
130.728 6.48759e-08 
131.021 6.4326e-08 
131.314 6.3786e-08 
131.607 6.32563e-08 
131.9 6.27369e-08 
132.194 6.22241e-08 
132.487 6.17142e-08 
132.78 6.12075e-08 
133.073 6.07041e-08 
133.366 6.02042e-08 
133.659 5.97081e-08 
133.952 5.92159e-08 
134.245 5.87278e-08 
134.538 5.8244e-08 
134.832 5.77647e-08 
135.125 5.729e-08 
135.418 5.68203e-08 
135.711 5.63555e-08 
136.004 5.5896e-08 
136.297 5.5442e-08 
136.59 5.49935e-08 
136.883 5.45509e-08 
137.176 5.41142e-08 
137.47 5.36838e-08 
137.763 5.32597e-08 
138.056 5.28422e-08 
138.349 5.24314e-08 
138.642 5.20276e-08 
138.935 5.16309e-08 
139.228 5.12416e-08 
139.521 5.08575e-08 
139.814 5.04754e-08 
140.108 5.00953e-08 
140.401 4.97175e-08 
140.694 4.9342e-08 
140.987 4.8969e-08 
141.28 4.85987e-08 
141.573 4.82311e-08 
141.866 4.78664e-08 
142.159 4.75047e-08 
142.452 4.71462e-08 
142.746 4.67911e-08 
143.039 4.64394e-08 
143.332 4.60912e-08 
143.625 4.57469e-08 
143.918 4.54063e-08 
144.211 4.50698e-08 
144.504 4.47374e-08 
144.797 4.44093e-08 
145.09 4.40856e-08 
145.384 4.37664e-08 
145.677 4.3452e-08 
145.97 4.31424e-08 
146.263 4.28377e-08 
146.556 4.25381e-08 
146.849 4.22438e-08 
147.142 4.19547e-08 
147.435 4.16677e-08 
147.728 4.13822e-08 
148.022 4.10982e-08 
148.315 4.08157e-08 
148.608 4.05348e-08 
148.901 4.02556e-08 
149.194 3.99782e-08 
149.487 3.97027e-08 
149.78 3.9429e-08 
150.073 3.91574e-08 
150.366 3.88878e-08 
150.66 3.86204e-08 
150.953 3.83552e-08 
151.246 3.80923e-08 
151.539 3.78318e-08 
151.832 3.75738e-08 
152.125 3.73182e-08 
152.418 3.70653e-08 
152.711 3.68151e-08 
153.004 3.65676e-08 
153.298 3.63229e-08 
153.591 3.60812e-08 
153.884 3.58424e-08 
154.177 3.56067e-08 
154.47 3.53741e-08 
154.763 3.51447e-08 
155.056 3.49186e-08 
155.349 3.46958e-08 
155.642 3.44744e-08 
155.936 3.42538e-08 
156.229 3.40341e-08 
156.522 3.38154e-08 
156.815 3.35976e-08 
157.108 3.33809e-08 
157.401 3.31653e-08 
157.694 3.29508e-08 
157.987 3.27375e-08 
158.28 3.25255e-08 
158.574 3.23148e-08 
158.867 3.21055e-08 
159.16 3.18977e-08 
159.453 3.16913e-08 
159.746 3.14864e-08 
160.039 3.12832e-08 
160.332 3.10816e-08 
160.625 3.08817e-08 
160.918 3.06835e-08 
161.212 3.04872e-08 
161.505 3.02928e-08 
161.798 3.01003e-08 
162.091 2.99098e-08 
162.384 2.97213e-08 
162.677 2.95349e-08 
162.97 2.93506e-08 
163.263 2.91686e-08 
163.556 2.89888e-08 
163.85 2.88113e-08 
164.143 2.86358e-08 
164.436 2.8461e-08 
164.729 2.82869e-08 
165.022 2.81136e-08 
165.315 2.79409e-08 
165.608 2.77691e-08 
165.901 2.7598e-08 
166.195 2.74278e-08 
166.488 2.72585e-08 
166.781 2.70902e-08 
167.074 2.69228e-08 
167.367 2.67563e-08 
167.66 2.6591e-08 
167.953 2.64267e-08 
168.246 2.62635e-08 
168.539 2.61014e-08 
168.833 2.59406e-08 
169.126 2.57809e-08 
169.419 2.56225e-08 
169.712 2.54654e-08 
170.005 2.53096e-08 
170.298 2.51552e-08 
170.591 2.50021e-08 
170.884 2.48505e-08 
171.177 2.47004e-08 
171.471 2.45518e-08 
171.764 2.44047e-08 
172.057 2.42592e-08 
172.35 2.41153e-08 
172.643 2.39731e-08 
172.936 2.38325e-08 
173.229 2.36936e-08 
173.522 2.35554e-08 
173.815 2.34178e-08 
174.109 2.32807e-08 
174.402 2.31443e-08 
174.695 2.30084e-08 
174.988 2.28731e-08 
175.281 2.27385e-08 
175.574 2.26045e-08 
175.867 2.24711e-08 
176.16 2.23383e-08 
176.453 2.22063e-08 
176.747 2.20749e-08 
177.04 2.19442e-08 
177.333 2.18142e-08 
177.626 2.16849e-08 
177.919 2.15563e-08 
178.212 2.14285e-08 
178.505 2.13014e-08 
178.798 2.1175e-08 
179.091 2.10494e-08 
179.385 2.09246e-08 
179.678 2.08006e-08 
179.971 2.06774e-08 
180.264 2.0555e-08 
180.557 2.04335e-08 
180.85 2.03127e-08 
181.143 2.01928e-08 
181.436 2.00738e-08 
181.729 1.99557e-08 
182.023 1.98384e-08 
182.316 1.9722e-08 
182.609 1.96065e-08 
182.902 1.94919e-08 
183.195 1.93778e-08 
183.488 1.92641e-08 
183.781 1.91509e-08 
184.074 1.9038e-08 
184.367 1.89256e-08 
184.661 1.88137e-08 
184.954 1.87022e-08 
185.247 1.85912e-08 
185.54 1.84806e-08 
185.833 1.83706e-08 
186.126 1.8261e-08 
186.419 1.8152e-08 
186.712 1.80435e-08 
187.005 1.79355e-08 
187.299 1.78281e-08 
187.592 1.77212e-08 
187.885 1.76149e-08 
188.178 1.75092e-08 
188.471 1.7404e-08 
188.764 1.72995e-08 
189.057 1.71955e-08 
189.35 1.70922e-08 
189.643 1.69895e-08 
189.937 1.68874e-08 
190.23 1.6786e-08 
190.523 1.66852e-08 
190.816 1.65851e-08 
191.109 1.64857e-08 
191.402 1.6387e-08 
191.695 1.6289e-08 
191.988 1.61916e-08 
192.281 1.6095e-08 
192.575 1.59992e-08 
192.868 1.5904e-08 
193.161 1.27467e-08 
193.454 1.26696e-08 
193.747 1.25931e-08 
194.04 1.25172e-08 
194.333 1.24419e-08 
194.626 1.23671e-08 
194.919 1.22929e-08 
195.213 1.22192e-08 
195.506 1.21461e-08 
195.799 1.20735e-08 
196.092 1.20015e-08 
196.385 1.193e-08 
196.678 1.1859e-08 
196.971 1.17886e-08 
197.264 1.17187e-08 
197.557 1.16493e-08 
197.851 1.15804e-08 
198.144 1.1512e-08 
198.437 1.14442e-08 
198.73 1.13768e-08 
199.023 1.13099e-08 
199.316 1.12436e-08 
199.609 1.11777e-08 
199.902 1.11122e-08 
200.195 1.10473e-08 
200.489 1.09828e-08 
200.782 1.09189e-08 
201.075 1.08553e-08 
201.368 1.07923e-08 
201.661 1.07297e-08 
201.954 1.06675e-08 
202.247 1.06058e-08 
202.54 1.05445e-08 
202.833 1.04837e-08 
203.127 1.04233e-08 
203.42 1.03634e-08 
203.713 1.03039e-08 
204.006 1.02448e-08 
204.299 1.01861e-08 
204.592 1.01279e-08 
204.885 1.007e-08 
205.178 1.00126e-08 
205.471 9.9556e-09 
205.765 9.89899e-09 
206.058 9.84279e-09 
206.351 9.78698e-09 
206.644 9.73157e-09 
206.937 9.67655e-09 
207.23 9.62192e-09 
207.523 9.56767e-09 
207.816 9.51381e-09 
208.109 9.46032e-09 
208.403 9.40721e-09 
208.696 9.35447e-09 
208.989 9.3021e-09 
209.282 9.2501e-09 
209.575 9.19846e-09 
209.868 9.14718e-09 
210.161 9.09626e-09 
210.454 9.04569e-09 
210.748 8.99547e-09 
211.041 8.9456e-09 
211.334 8.89607e-09 
211.627 8.84689e-09 
211.92 8.79804e-09 
212.213 8.74954e-09 
212.506 8.70136e-09 
212.799 8.65352e-09 
213.092 8.60601e-09 
213.386 8.55882e-09 
213.679 8.51195e-09 
213.972 8.46541e-09 
214.265 8.41918e-09 
214.558 8.37327e-09 
214.851 8.32767e-09 
215.144 8.28238e-09 
215.437 8.2374e-09 
215.73 8.19272e-09 
216.024 8.14835e-09 
216.317 8.10427e-09 
216.61 8.06049e-09 
216.903 8.01701e-09 
217.196 7.97382e-09 
217.489 7.93092e-09 
217.782 7.88831e-09 
218.075 7.84599e-09 
218.368 7.80395e-09 
218.662 7.76219e-09 
218.955 7.72071e-09 
219.248 7.6795e-09 
219.541 7.63857e-09 
219.834 7.59791e-09 
220.127 7.55753e-09 
220.42 7.51741e-09 
220.713 7.47755e-09 
221.006 7.43796e-09 
221.3 7.39863e-09 
221.593 7.35957e-09 
221.886 7.32076e-09 
222.179 7.2822e-09 
222.472 7.2439e-09 
222.765 7.20585e-09 
223.058 7.16805e-09 
223.351 7.13049e-09 
223.644 7.09318e-09 
223.938 7.05612e-09 
224.231 7.0193e-09 
224.524 6.98272e-09 
224.817 6.94637e-09 
225.11 6.91026e-09 
225.403 6.87439e-09 
225.696 6.83875e-09 
225.989 6.80334e-09 
226.282 6.76815e-09 
226.576 6.7332e-09 
226.869 6.69847e-09 
227.162 6.66396e-09 
227.455 6.62968e-09 
227.748 6.59562e-09 
228.041 6.56177e-09 
228.334 6.52814e-09 
228.627 6.49473e-09 
228.92 6.46153e-09 
229.214 6.42854e-09 
229.507 6.39576e-09 
229.8 6.36319e-09 
230.093 6.33083e-09 
230.386 6.29868e-09 
230.679 6.26672e-09 
230.972 6.23497e-09 
231.265 6.20342e-09 
231.558 6.17207e-09 
231.852 6.14092e-09 
232.145 6.10996e-09 
232.438 6.0792e-09 
232.731 6.04864e-09 
233.024 6.01826e-09 
233.317 5.98807e-09 
233.61 5.95808e-09 
233.903 5.92827e-09 
234.196 5.89865e-09 
234.49 5.86921e-09 
234.783 5.83995e-09 
235.076 5.81088e-09 
235.369 5.78199e-09 
235.662 5.75328e-09 
235.955 5.72474e-09 
236.248 5.69638e-09 
236.541 5.6682e-09 
236.834 5.64019e-09 
237.128 5.61236e-09 
237.421 5.58469e-09 
237.714 5.5572e-09 
238.007 5.52988e-09 
238.3 5.50272e-09 
238.593 5.47573e-09 
238.886 5.4489e-09 
239.179 5.42224e-09 
239.472 5.39574e-09 
239.766 5.36941e-09 
240.059 5.34323e-09 
240.352 5.31721e-09 
240.645 5.29135e-09 
240.938 5.26565e-09 
241.231 5.24011e-09 
241.524 5.21472e-09 
241.817 5.18948e-09 
242.11 5.16439e-09 
242.404 5.13946e-09 
242.697 5.11468e-09 
242.99 5.09004e-09 
243.283 5.06556e-09 
243.576 5.04122e-09 
243.869 5.01702e-09 
244.162 4.99298e-09 
244.455 4.96907e-09 
244.748 4.94531e-09 
245.042 4.92169e-09 
245.335 4.89821e-09 
245.628 4.87487e-09 
245.921 4.85167e-09 
246.214 4.82861e-09 
246.507 4.80569e-09 
246.8 4.7829e-09 
247.093 4.76024e-09 
247.386 4.73772e-09 
247.68 4.71534e-09 
247.973 4.69308e-09 
248.266 4.67096e-09 
248.559 4.64896e-09 
248.852 4.6271e-09 
249.145 4.60536e-09 
249.438 4.58375e-09 
249.731 4.56227e-09 
250.024 4.54091e-09 
250.318 4.51968e-09 
250.611 4.49858e-09 
250.904 4.47759e-09 
251.197 4.45673e-09 
251.49 4.43599e-09 
251.783 4.41537e-09 
252.076 4.39487e-09 
252.369 4.37448e-09 
252.662 4.35422e-09 
252.956 4.33407e-09 
253.249 4.31404e-09 
253.542 4.29413e-09 
253.835 4.27433e-09 
254.128 4.25464e-09 
254.421 4.23507e-09 
254.714 4.21561e-09 
255.007 4.19626e-09 
255.3 4.17702e-09 
255.594 4.1579e-09 
255.887 4.13888e-09 
256.18 4.11997e-09 
256.473 4.10117e-09 
256.766 4.08247e-09 
257.059 4.06388e-09 
257.352 4.0454e-09 
257.645 4.02702e-09 
257.939 4.00875e-09 
258.232 3.99058e-09 
258.525 3.97251e-09 
258.818 3.95455e-09 
259.111 3.93668e-09 
259.404 3.91892e-09 
259.697 3.90126e-09 
259.99 3.88369e-09 
260.283 3.86623e-09 
260.577 3.84886e-09 
260.87 3.83159e-09 
261.163 3.81442e-09 
261.456 3.79735e-09 
261.749 3.78036e-09 
262.042 3.76348e-09 
262.335 3.74669e-09 
262.628 3.72999e-09 
262.921 3.71338e-09 
263.215 3.69687e-09 
263.508 3.68045e-09 
263.801 3.66412e-09 
264.094 3.64788e-09 
264.387 3.63173e-09 
264.68 3.61567e-09 
264.973 3.5997e-09 
265.266 3.58381e-09 
265.559 3.56802e-09 
265.853 3.55231e-09 
266.146 3.53668e-09 
266.439 3.52115e-09 
266.732 3.50569e-09 
267.025 3.49033e-09 
267.318 3.47504e-09 
267.611 3.45984e-09 
267.904 3.44473e-09 
268.197 3.42969e-09 
268.491 3.41474e-09 
268.784 3.39987e-09 
269.077 3.38508e-09 
269.37 3.37037e-09 
269.663 3.35574e-09 
269.956 3.34119e-09 
270.249 3.32672e-09 
270.542 3.31232e-09 
270.835 3.29801e-09 
271.129 3.28377e-09 
271.422 3.26961e-09 
271.715 3.25552e-09 
272.008 3.24151e-09 
272.301 3.22758e-09 
272.594 3.21372e-09 
272.887 3.19993e-09 
273.18 3.18622e-09 
273.473 3.17258e-09 
273.767 3.15902e-09 
274.06 3.14552e-09 
274.353 3.1321e-09 
274.646 3.11875e-09 
274.939 3.10548e-09 
275.232 3.09227e-09 
275.525 3.07913e-09 
275.818 3.06606e-09 
276.111 3.05306e-09 
276.405 3.04013e-09 
276.698 3.02727e-09 
276.991 3.01448e-09 
277.284 3.00175e-09 
277.577 2.98909e-09 
277.87 2.9765e-09 
278.163 2.96398e-09 
278.456 2.95152e-09 
278.749 2.93912e-09 
279.043 2.92679e-09 
279.336 2.91453e-09 
279.629 2.90233e-09 
279.922 2.89019e-09 
280.215 2.87811e-09 
280.508 2.8661e-09 
280.801 2.85415e-09 
281.094 2.84227e-09 
281.387 2.83044e-09 
281.681 2.81868e-09 
281.974 2.80698e-09 
282.267 2.79534e-09 
282.56 2.78376e-09 
282.853 2.77224e-09 
283.146 2.76078e-09 
283.439 2.74937e-09 
283.732 2.73803e-09 
284.025 2.72674e-09 
284.319 2.71552e-09 
284.612 2.70435e-09 
284.905 2.69324e-09 
285.198 2.68218e-09 
285.491 2.67118e-09 
285.784 2.66024e-09 
286.077 2.64936e-09 
286.37 2.63853e-09 
286.663 2.62775e-09 
286.957 2.61703e-09 
287.25 2.60637e-09 
287.543 2.59575e-09 
287.836 2.5852e-09 
288.129 2.57469e-09 
288.422 2.56424e-09 
288.715 2.55385e-09 
289.008 2.5435e-09 
289.301 2.53321e-09 
289.595 2.52297e-09 
289.888 2.51278e-09 
290.181 2.50264e-09 
290.474 2.49256e-09 
290.767 2.48252e-09 
291.06 2.47254e-09 
291.353 2.4626e-09 
291.646 2.45272e-09 
291.939 2.44288e-09 
292.233 2.43309e-09 
292.526 2.42336e-09 
292.819 2.41367e-09 
293.112 2.40403e-09 
293.405 2.39444e-09 
293.698 2.38489e-09 
293.991 2.3754e-09 
294.284 2.36595e-09 
294.577 2.35654e-09 
294.871 2.34719e-09 
295.164 2.33788e-09 
295.457 2.32861e-09 
295.75 2.3194e-09 
296.043 2.31022e-09 
296.336 2.3011e-09 
296.629 2.29202e-09 
296.922 2.28298e-09 
297.215 2.27399e-09 
297.509 2.26504e-09 
297.802 2.25613e-09 
298.095 2.24727e-09 
298.388 2.23846e-09 
298.681 2.22968e-09 
298.974 2.22095e-09 
299.267 2.21226e-09 
299.56 2.20362e-09 
299.853 2.19501e-09 
300.147 2.18645e-09 
300.44 2.17793e-09 
300.733 2.16945e-09 
301.026 2.16102e-09 
301.319 2.15262e-09 
301.612 2.14426e-09 
301.905 2.13595e-09 
302.198 2.12767e-09 
302.492 2.11944e-09 
302.785 2.11124e-09 
303.078 2.10309e-09 
303.371 2.09497e-09 
303.664 2.08689e-09 
303.957 2.07886e-09 
304.25 2.07086e-09 
304.543 2.0629e-09 
304.836 2.05497e-09 
305.13 2.04709e-09 
305.423 2.03924e-09 
305.716 2.03143e-09 
306.009 2.02366e-09 
306.302 2.01593e-09 
306.595 2.00823e-09 
306.888 2.00057e-09 
307.181 1.99294e-09 
307.474 1.98535e-09 
307.768 1.9778e-09 
308.061 1.97028e-09 
308.354 1.9628e-09 
308.647 1.95536e-09 
308.94 1.94795e-09 
309.233 1.94057e-09 
309.526 1.93323e-09 
309.819 1.92593e-09 
310.112 1.91866e-09 
310.406 1.91142e-09 
310.699 1.90422e-09 
310.992 1.89705e-09 
311.285 1.88991e-09 
311.578 1.88281e-09 
311.871 1.87574e-09 
312.164 1.86871e-09 
312.457 1.8617e-09 
312.75 1.85474e-09 
313.044 1.8478e-09 
313.337 1.84089e-09 
313.63 1.83402e-09 
313.923 1.82718e-09 
314.216 1.82037e-09 
314.509 1.8136e-09 
314.802 1.80685e-09 
315.095 1.80014e-09 
315.388 1.79346e-09 
315.682 1.7868e-09 
315.975 1.78018e-09 
316.268 1.77359e-09 
316.561 1.76703e-09 
316.854 1.7605e-09 
317.147 1.754e-09 
317.44 1.74753e-09 
317.733 1.7411e-09 
318.026 1.73469e-09 
318.32 1.7283e-09 
318.613 1.72195e-09 
318.906 1.71563e-09 
319.199 1.70934e-09 
319.492 1.70307e-09 
319.785 1.69684e-09 
320.078 1.69063e-09 
320.371 1.68445e-09 
320.664 1.6783e-09 
320.958 1.67218e-09 
321.251 1.66609e-09 
321.544 1.66002e-09 
321.837 1.65398e-09 
322.13 1.64797e-09 
322.423 1.64198e-09 
322.716 1.63603e-09 
323.009 1.6301e-09 
323.302 1.62419e-09 
323.596 1.61832e-09 
323.889 1.61247e-09 
324.182 1.60664e-09 
324.475 1.60084e-09 
324.768 1.59507e-09 
325.061 1.58933e-09 
325.354 1.58361e-09 
325.647 1.57791e-09 
325.94 1.57225e-09 
326.234 1.5666e-09 
326.527 1.56099e-09 
326.82 1.55539e-09 
327.113 1.54983e-09 
327.406 1.54428e-09 
327.699 1.53877e-09 
327.992 1.53327e-09 
328.285 1.5278e-09 
328.578 1.52236e-09 
328.872 1.51694e-09 
329.165 1.51154e-09 
329.458 1.50617e-09 
329.751 1.50082e-09 
330.044 1.4955e-09 
330.337 1.4902e-09 
330.63 1.48492e-09 
330.923 1.47967e-09 
331.216 1.47444e-09 
331.51 1.46923e-09 
331.803 1.46404e-09 
332.096 1.45888e-09 
332.389 1.45374e-09 
332.682 1.44863e-09 
332.975 1.44353e-09 
333.268 1.43846e-09 
333.561 1.43341e-09 
333.854 1.42838e-09 
334.148 1.42338e-09 
334.441 1.41839e-09 
334.734 1.41343e-09 
335.027 1.40849e-09 
335.32 1.40357e-09 
335.613 1.39868e-09 
335.906 1.3938e-09 
336.199 1.38895e-09 
336.492 1.38411e-09 
336.786 1.3793e-09 
337.079 1.37451e-09 
337.372 1.36974e-09 
337.665 1.36499e-09 
337.958 1.36026e-09 
338.251 1.35555e-09 
338.544 1.35086e-09 
338.837 1.3462e-09 
339.13 1.34155e-09 
339.424 1.33692e-09 
339.717 1.33231e-09 
340.01 1.32772e-09 
340.303 1.32316e-09 
340.596 1.31861e-09 
340.889 1.31408e-09 
341.182 1.30957e-09 
341.475 1.30508e-09 
341.768 1.30061e-09 
342.062 1.29615e-09 
342.355 1.29172e-09 
342.648 1.28731e-09 
342.941 1.28291e-09 
343.234 1.27853e-09 
343.527 1.27418e-09 
343.82 1.26984e-09 
344.113 1.26551e-09 
344.406 1.26121e-09 
344.7 1.25693e-09 
344.993 1.25266e-09 
345.286 1.24841e-09 
345.579 1.24418e-09 
345.872 1.23997e-09 
346.165 1.23578e-09 
346.458 1.2316e-09 
346.751 1.22744e-09 
347.044 1.2233e-09 
347.338 1.21918e-09 
347.631 1.21507e-09 
347.924 1.21098e-09 
348.217 1.20691e-09 
348.51 1.20285e-09 
348.803 1.19881e-09 
349.096 1.19479e-09 
349.389 1.19079e-09 
349.683 1.1868e-09 
349.976 1.18283e-09 
350.269 1.17888e-09 
350.562 1.17494e-09 
350.855 1.17102e-09 
351.148 1.16711e-09 
351.441 1.16322e-09 
351.734 1.15935e-09 
352.027 1.15549e-09 
352.321 1.15165e-09 
352.614 1.14783e-09 
352.907 1.14402e-09 
353.2 1.14023e-09 
353.493 1.13645e-09 
353.786 1.13269e-09 
354.079 1.12894e-09 
354.372 1.12521e-09 
354.665 1.1215e-09 
354.959 1.1178e-09 
355.252 1.11411e-09 
355.545 1.11044e-09 
355.838 1.10679e-09 
356.131 1.10315e-09 
356.424 1.09953e-09 
356.717 1.09592e-09 
357.01 1.09232e-09 
357.303 1.08874e-09 
357.597 1.08518e-09 
357.89 1.08163e-09 
358.183 1.07809e-09 
358.476 1.07457e-09 
358.769 1.07106e-09 
359.062 1.06757e-09 
359.355 1.06409e-09 
359.648 1.06062e-09 
359.941 1.05717e-09 
360.235 1.05374e-09 
360.528 1.05031e-09 
360.821 1.04691e-09 
361.114 1.04351e-09 
361.407 1.04013e-09 
361.7 1.03676e-09 
361.993 1.03341e-09 
362.286 1.03007e-09 
362.579 1.02674e-09 
362.873 1.02343e-09 
363.166 1.02013e-09 
363.459 1.01684e-09 
363.752 1.01357e-09 
364.045 1.01031e-09 
364.338 1.00706e-09 
364.631 1.00383e-09 
364.924 1.0006e-09 
365.217 9.97396e-10 
365.511 9.942e-10 
365.804 9.91018e-10 
366.097 9.87848e-10 
366.39 9.8469e-10 
366.683 9.81546e-10 
366.976 9.78413e-10 
367.269 9.75294e-10 
367.562 9.72186e-10 
367.855 9.69092e-10 
368.149 9.66009e-10 
368.442 9.62939e-10 
368.735 9.5988e-10 
369.028 9.56834e-10 
369.321 9.538e-10 
369.614 9.50779e-10 
369.907 9.47769e-10 
370.2 9.4477e-10 
370.493 9.41784e-10 
370.787 9.3881e-10 
371.08 9.35847e-10 
371.373 9.32896e-10 
371.666 9.29957e-10 
371.959 9.27029e-10 
372.252 9.24112e-10 
372.545 9.21208e-10 
372.838 9.18314e-10 
373.131 9.15432e-10 
373.425 9.12561e-10 
373.718 9.09702e-10 
374.011 9.06853e-10 
374.304 9.04016e-10 
374.597 9.0119e-10 
374.89 8.98375e-10 
375.183 8.95571e-10 
375.476 8.92777e-10 
375.769 8.89995e-10 
376.063 8.87224e-10 
376.356 8.84463e-10 
376.649 8.81713e-10 
376.942 8.78974e-10 
377.235 8.76245e-10 
377.528 8.73527e-10 
377.821 8.70819e-10 
378.114 8.68122e-10 
378.407 8.65436e-10 
378.701 8.62759e-10 
378.994 8.60093e-10 
379.287 8.57438e-10 
379.58 8.54792e-10 
379.873 8.52157e-10 
380.166 8.49532e-10 
380.459 8.46917e-10 
380.752 8.44312e-10 
381.045 8.41717e-10 
381.339 8.39132e-10 
381.632 8.36557e-10 
381.925 8.33992e-10 
382.218 8.31437e-10 
382.511 8.28891e-10 
382.804 8.26356e-10 
383.097 8.2383e-10 
383.39 8.21313e-10 
383.683 8.18806e-10 
383.977 8.16309e-10 
384.27 8.13821e-10 
384.563 8.11343e-10 
384.856 8.08874e-10 
385.149 8.06414e-10 
385.442 8.03964e-10 
385.735 8.01523e-10 
386.028 7.99092e-10 
386.321 7.96669e-10 
386.615 7.94256e-10 
386.908 7.91852e-10 
387.201 7.89457e-10 
387.494 7.87071e-10 
387.787 7.84694e-10 
388.08 7.82326e-10 
388.373 7.79967e-10 
388.666 7.77617e-10 
388.959 7.75275e-10 
389.253 7.72943e-10 
389.546 7.70619e-10 
389.839 7.68304e-10 
390.132 7.65998e-10 
390.425 7.637e-10 
390.718 7.61411e-10 
391.011 7.5913e-10 
391.304 7.56858e-10 
391.597 7.54595e-10 
391.891 7.5234e-10 
392.184 7.50093e-10 
392.477 7.47855e-10 
392.77 7.45625e-10 
393.063 7.43404e-10 
393.356 7.4119e-10 
393.649 7.38985e-10 
393.942 7.36788e-10 
394.236 7.34599e-10 
394.529 7.32419e-10 
394.822 7.30246e-10 
395.115 7.28082e-10 
395.408 7.25925e-10 
395.701 7.23777e-10 
395.994 7.21636e-10 
396.287 7.19504e-10 
396.58 7.17379e-10 
396.874 7.15262e-10 
397.167 7.13153e-10 
397.46 7.11051e-10 
397.753 7.08958e-10 
398.046 7.06872e-10 
398.339 7.04794e-10 
398.632 7.02723e-10 
398.925 7.0066e-10 
399.218 6.98604e-10 
399.512 6.96556e-10 
399.805 6.94516e-10 
400.098 6.92483e-10 
400.391 6.90457e-10 
400.684 6.88439e-10 
400.977 6.86429e-10 
401.27 6.84425e-10 
401.563 6.82429e-10 
401.856 6.8044e-10 
402.15 6.78459e-10 
402.443 6.76484e-10 
402.736 6.74517e-10 
403.029 6.72557e-10 
403.322 6.70604e-10 
403.615 6.68658e-10 
403.908 6.66719e-10 
404.201 6.64787e-10 
404.494 6.62862e-10 
404.788 6.60945e-10 
405.081 6.59034e-10 
405.374 6.5713e-10 
405.667 6.55232e-10 
405.96 6.53342e-10 
406.253 6.51459e-10 
406.546 6.49582e-10 
406.839 6.47712e-10 
407.132 6.45849e-10 
407.426 6.43992e-10 
407.719 6.42142e-10 
408.012 6.40299e-10 
408.305 6.38462e-10 
408.598 6.36632e-10 
408.891 6.34809e-10 
409.184 6.32992e-10 
409.477 6.31181e-10 
409.77 6.29377e-10 
410.064 6.2758e-10 
410.357 6.25789e-10 
410.65 6.24004e-10 
410.943 6.22225e-10 
411.236 6.20453e-10 
411.529 6.18687e-10 
411.822 6.16928e-10 
412.115 6.15175e-10 
412.408 6.13428e-10 
412.702 6.11687e-10 
412.995 6.09952e-10 
413.288 6.08224e-10 
413.581 6.06501e-10 
413.874 6.04785e-10 
414.167 6.03075e-10 
414.46 6.0137e-10 
414.753 5.99672e-10 
415.046 5.9798e-10 
415.34 5.96294e-10 
415.633 5.94614e-10 
415.926 5.92939e-10 
416.219 5.91271e-10 
416.512 5.89608e-10 
416.805 5.87951e-10 
417.098 5.863e-10 
417.391 5.84655e-10 
417.684 5.83016e-10 
417.978 5.81382e-10 
418.271 5.79754e-10 
418.564 5.78132e-10 
418.857 5.76515e-10 
419.15 5.74904e-10 
419.443 5.73299e-10 
419.736 5.71699e-10 
420.029 5.70105e-10 
420.322 5.68517e-10 
420.616 5.66934e-10 
420.909 5.65356e-10 
421.202 5.63784e-10 
421.495 5.62217e-10 
421.788 5.60656e-10 
422.081 5.591e-10 
422.374 5.5755e-10 
422.667 5.56005e-10 
422.96 5.54465e-10 
423.254 5.52931e-10 
423.547 5.51402e-10 
423.84 5.49878e-10 
424.133 5.4836e-10 
424.426 5.46847e-10 
424.719 5.45339e-10 
425.012 5.43836e-10 
425.305 5.42338e-10 
425.598 5.40846e-10 
425.892 5.39358e-10 
426.185 5.37876e-10 
426.478 5.36399e-10 
426.771 5.34927e-10 
427.064 5.3346e-10 
427.357 5.31998e-10 
427.65 5.30541e-10 
427.943 5.29089e-10 
428.236 5.27641e-10 
428.53 5.26199e-10 
428.823 5.24762e-10 
429.116 5.2333e-10 
429.409 5.21902e-10 
429.702 5.2048e-10 
429.995 5.19062e-10 
430.288 5.17649e-10 
430.581 5.16241e-10 
430.874 5.14838e-10 
431.168 5.13439e-10 
431.461 5.12045e-10 
431.754 5.10656e-10 
432.047 5.09272e-10 
432.34 5.07892e-10 
432.633 5.06517e-10 
432.926 5.05147e-10 
433.219 5.03781e-10 
433.512 5.0242e-10 
433.806 5.01064e-10 
434.099 4.99712e-10 
434.392 4.98364e-10 
434.685 4.97021e-10 
434.978 4.95683e-10 
435.271 4.94349e-10 
435.564 4.9302e-10 
435.857 4.91695e-10 
436.15 4.90375e-10 
436.444 4.89059e-10 
436.737 4.87747e-10 
437.03 4.8644e-10 
437.323 4.85137e-10 
437.616 4.83839e-10 
437.909 4.82545e-10 
438.202 4.81255e-10 
438.495 4.79969e-10 
438.788 4.78688e-10 
439.082 4.77411e-10 
439.375 4.76138e-10 
439.668 4.7487e-10 
439.961 4.73606e-10 
440.254 4.72346e-10 
440.547 4.7109e-10 
440.84 4.69838e-10 
441.133 4.68591e-10 
441.427 4.67347e-10 
441.72 4.66108e-10 
442.013 4.64873e-10 
442.306 4.63642e-10 
442.599 4.62415e-10 
442.892 4.61192e-10 
443.185 4.59973e-10 
443.478 4.58758e-10 
443.771 4.57548e-10 
444.065 4.56341e-10 
444.358 4.55138e-10 
444.651 4.53939e-10 
444.944 4.52744e-10 
445.237 4.51553e-10 
445.53 4.50366e-10 
445.823 4.49183e-10 
446.116 4.48003e-10 
446.409 4.46828e-10 
446.703 4.45656e-10 
446.996 4.44488e-10 
447.289 4.43324e-10 
447.582 4.42164e-10 
447.875 4.41008e-10 
448.168 4.39855e-10 
448.461 4.38706e-10 
448.754 4.37561e-10 
449.047 4.3642e-10 
449.341 4.35282e-10 
449.634 4.34149e-10 
449.927 4.33018e-10 
450.22 4.31892e-10 
450.513 4.30769e-10 
450.806 4.2965e-10 
451.099 4.28534e-10 
451.392 4.27422e-10 
451.685 4.26314e-10 
451.979 4.25209e-10 
452.272 4.24108e-10 
452.565 4.2301e-10 
452.858 4.21916e-10 
453.151 4.20825e-10 
453.444 4.19738e-10 
453.737 4.18655e-10 
454.03 4.17575e-10 
454.323 4.16498e-10 
454.617 4.15425e-10 
454.91 4.14355e-10 
455.203 4.13289e-10 
455.496 4.12226e-10 
455.789 4.11167e-10 
456.082 4.10111e-10 
456.375 4.09058e-10 
456.668 4.08009e-10 
456.961 4.06963e-10 
457.255 4.05921e-10 
457.548 4.04882e-10 
457.841 4.03846e-10 
458.134 4.02813e-10 
458.427 4.01784e-10 
458.72 4.00758e-10 
459.013 3.99736e-10 
459.306 3.98716e-10 
459.599 3.977e-10 
459.893 3.96687e-10 
460.186 3.95677e-10 
460.479 3.94671e-10 
460.772 3.93668e-10 
461.065 3.92667e-10 
461.358 3.91671e-10 
461.651 3.90677e-10 
461.944 3.89686e-10 
462.237 3.88699e-10 
462.531 3.87714e-10 
462.824 3.86733e-10 
463.117 3.85755e-10 
463.41 3.8478e-10 
463.703 3.83808e-10 
463.996 3.82839e-10 
464.289 3.81873e-10 
464.582 3.8091e-10 
464.875 3.79951e-10 
465.169 3.78994e-10 
465.462 3.7804e-10 
465.755 3.77089e-10 
466.048 3.76142e-10 
466.341 3.75197e-10 
466.634 3.74255e-10 
466.927 3.73316e-10 
467.22 3.7238e-10 
467.513 3.71447e-10 
467.807 3.70517e-10 
468.1 3.6959e-10 
468.393 3.68666e-10 
468.686 3.67744e-10 
468.979 3.66826e-10 
469.272 3.6591e-10 
469.565 3.64997e-10 
469.858 3.64087e-10 
470.151 3.6318e-10 
470.445 3.62276e-10 
470.738 3.61375e-10 
471.031 3.60476e-10 
471.324 3.5958e-10 
471.617 3.58687e-10 
471.91 3.57797e-10 
472.203 3.56909e-10 
472.496 3.56024e-10 
472.789 3.55142e-10 
473.083 3.54263e-10 
473.376 3.53386e-10 
473.669 3.52512e-10 
473.962 3.51641e-10 
474.255 3.50773e-10 
474.548 3.49907e-10 
474.841 3.49044e-10 
475.134 3.48183e-10 
475.427 3.47325e-10 
475.721 3.4647e-10 
476.014 3.45617e-10 
476.307 3.44768e-10 
476.6 3.4392e-10 
476.893 3.43075e-10 
477.186 3.42233e-10 
477.479 3.41394e-10 
477.772 3.40557e-10 
478.065 3.39722e-10 
478.359 3.3889e-10 
478.652 3.38061e-10 
478.945 3.37234e-10 
479.238 3.3641e-10 
479.531 3.35588e-10 
479.824 3.34769e-10 
480.117 3.33952e-10 
480.41 3.33138e-10 
480.703 3.32326e-10 
480.997 3.31517e-10 
481.29 3.3071e-10 
481.583 3.29906e-10 
481.876 3.29104e-10 
482.169 3.28304e-10 
482.462 3.27507e-10 
482.755 3.26712e-10 
483.048 3.2592e-10 
483.341 3.2513e-10 
483.635 3.24343e-10 
483.928 3.23558e-10 
484.221 3.22775e-10 
484.514 3.21994e-10 
484.807 3.21216e-10 
485.1 3.20441e-10 
485.393 3.19668e-10 
485.686 3.18897e-10 
485.98 3.18128e-10 
486.273 3.17362e-10 
486.566 3.16597e-10 
486.859 3.15836e-10 
487.152 3.15076e-10 
487.445 3.14319e-10 
487.738 3.13564e-10 
488.031 3.12812e-10 
488.324 3.12061e-10 
488.618 3.11313e-10 
488.911 3.10567e-10 
489.204 3.09824e-10 
489.497 3.09082e-10 
489.79 3.08343e-10 
490.083 3.07606e-10 
490.376 3.06871e-10 
490.669 3.06139e-10 
490.962 3.05408e-10 
491.256 3.0468e-10 
491.549 3.03954e-10 
491.842 3.0323e-10 
492.135 3.02508e-10 
492.428 3.01789e-10 
492.721 3.01071e-10 
493.014 3.00356e-10 
493.307 2.99642e-10 
493.6 2.98931e-10 
493.894 2.98222e-10 
494.187 2.97515e-10 
494.48 2.96811e-10 
494.773 2.96108e-10 
495.066 2.95407e-10 
495.359 2.94709e-10 
495.652 2.94012e-10 
495.945 2.93318e-10 
496.238 2.92625e-10 
496.532 2.91935e-10 
496.825 2.91247e-10 
497.118 2.9056e-10 
497.411 2.89876e-10 
497.704 2.89194e-10 
497.997 2.88514e-10 
498.29 2.87835e-10 
498.583 2.87159e-10 
498.876 2.86485e-10 
499.17 2.85813e-10 
499.463 2.85142e-10 
499.756 2.84474e-10 
500.049 2.83807e-10 
500.342 2.83143e-10 
500.635 2.8248e-10 
500.928 2.8182e-10 
501.221 2.81161e-10 
501.514 2.80504e-10 
501.808 2.7985e-10 
502.101 2.79197e-10 
502.394 2.78546e-10 
502.687 2.77897e-10 
502.98 2.77249e-10 
503.273 2.76604e-10 
503.566 2.75961e-10 
503.859 2.75319e-10 
504.152 2.74679e-10 
504.446 2.74042e-10 
504.739 2.73405e-10 
505.032 2.72771e-10 
505.325 2.72139e-10 
505.618 2.71509e-10 
505.911 2.7088e-10 
506.204 2.70253e-10 
506.497 2.69628e-10 
506.79 2.69005e-10 
507.084 2.68383e-10 
507.377 2.67764e-10 
507.67 2.67146e-10 
507.963 2.6653e-10 
508.256 2.65915e-10 
508.549 2.65303e-10 
508.842 2.64692e-10 
509.135 2.64083e-10 
509.428 2.63476e-10 
509.722 2.6287e-10 
510.015 2.62267e-10 
510.308 2.61664e-10 
510.601 2.61064e-10 
510.894 2.60466e-10 
511.187 2.59869e-10 
511.48 2.59273e-10 
511.773 2.5868e-10 
512.066 2.58088e-10 
512.36 2.57498e-10 
512.653 2.5691e-10 
512.946 2.56323e-10 
513.239 2.55738e-10 
513.532 2.55155e-10 
513.825 2.54573e-10 
514.118 2.53993e-10 
514.411 2.53414e-10 
514.704 2.52838e-10 
514.998 2.52263e-10 
515.291 2.51689e-10 
515.584 2.51117e-10 
515.877 2.50547e-10 
516.17 2.49978e-10 
516.463 2.49411e-10 
516.756 2.48846e-10 
517.049 2.48282e-10 
517.342 2.4772e-10 
517.636 2.47159e-10 
517.929 2.466e-10 
518.222 2.46043e-10 
518.515 2.45487e-10 
518.808 2.44933e-10 
519.101 2.4438e-10 
519.394 2.43829e-10 
519.687 2.43279e-10 
519.98 2.42731e-10 
520.274 2.42185e-10 
520.567 2.4164e-10 
520.86 2.41096e-10 
521.153 2.40554e-10 
521.446 2.40014e-10 
521.739 2.39475e-10 
522.032 2.38937e-10 
522.325 2.38402e-10 
522.618 2.37867e-10 
522.912 2.37334e-10 
523.205 2.36803e-10 
523.498 2.36273e-10 
523.791 2.35745e-10 
524.084 2.35218e-10 
524.377 2.34692e-10 
524.67 2.34168e-10 
524.963 2.33646e-10 
525.256 2.33124e-10 
525.55 2.32605e-10 
525.843 2.32087e-10 
526.136 2.3157e-10 
526.429 2.31055e-10 
526.722 2.30541e-10 
527.015 2.30028e-10 
527.308 2.29517e-10 
527.601 2.29008e-10 
527.894 2.28499e-10 
528.188 2.27993e-10 
528.481 2.27487e-10 
528.774 2.26983e-10 
529.067 2.26481e-10 
529.36 2.25979e-10 
529.653 2.2548e-10 
529.946 2.24981e-10 
530.239 2.24484e-10 
530.532 2.23988e-10 
530.826 2.23494e-10 
531.119 2.23001e-10 
531.412 2.2251e-10 
531.705 2.22019e-10 
531.998 2.2153e-10 
532.291 2.21043e-10 
532.584 2.20557e-10 
532.877 2.20072e-10 
533.171 2.19588e-10 
533.464 2.19106e-10 
533.757 2.18625e-10 
534.05 2.18146e-10 
534.343 2.17667e-10 
534.636 2.1719e-10 
534.929 2.16715e-10 
535.222 2.1624e-10 
535.515 2.15767e-10 
535.809 2.15296e-10 
536.102 2.14825e-10 
536.395 2.14356e-10 
536.688 2.13888e-10 
536.981 2.13421e-10 
537.274 2.12956e-10 
537.567 2.12492e-10 
537.86 2.12029e-10 
538.153 2.11568e-10 
538.447 2.11107e-10 
538.74 2.10648e-10 
539.033 2.1019e-10 
539.326 2.09734e-10 
539.619 2.09279e-10 
539.912 2.08824e-10 
540.205 2.08372e-10 
540.498 2.0792e-10 
540.791 2.0747e-10 
541.085 2.0702e-10 
541.378 2.06572e-10 
541.671 2.06126e-10 
541.964 2.0568e-10 
542.257 2.05236e-10 
542.55 2.04793e-10 
542.843 2.04351e-10 
543.136 2.0391e-10 
543.429 2.0347e-10 
543.723 2.03032e-10 
544.016 2.02595e-10 
544.309 2.02159e-10 
544.602 2.01724e-10 
544.895 2.0129e-10 
545.188 2.00858e-10 
545.481 2.00426e-10 
545.774 1.99996e-10 
546.067 1.99567e-10 
546.361 1.99139e-10 
546.654 1.98712e-10 
546.947 1.98287e-10 
547.24 1.97862e-10 
547.533 1.97439e-10 
547.826 1.97017e-10 
548.119 1.96595e-10 
548.412 1.96175e-10 
548.705 1.95757e-10 
548.999 1.95339e-10 
549.292 1.94922e-10 
549.585 1.94507e-10 
549.878 1.94092e-10 
550.171 1.93679e-10 
550.464 1.93267e-10 
550.757 1.92856e-10 
551.05 1.92446e-10 
551.343 1.92037e-10 
551.637 1.91629e-10 
551.93 1.91222e-10 
552.223 1.90817e-10 
552.516 1.90412e-10 
552.809 1.90009e-10 
553.102 1.89606e-10 
553.395 1.89205e-10 
553.688 1.88804e-10 
553.981 1.88405e-10 
554.275 1.88007e-10 
554.568 1.8761e-10 
554.861 1.87214e-10 
555.154 1.86819e-10 
555.447 1.86425e-10 
555.74 1.86032e-10 
556.033 1.8564e-10 
556.326 1.85249e-10 
556.619 1.84859e-10 
556.913 1.8447e-10 
557.206 1.84082e-10 
557.499 1.83695e-10 
557.792 1.83309e-10 
558.085 1.82925e-10 
558.378 1.82541e-10 
558.671 1.82158e-10 
558.964 1.81776e-10 
559.257 1.81395e-10 
559.551 1.81016e-10 
559.844 1.80637e-10 
560.137 1.80259e-10 
560.43 1.79882e-10 
560.723 1.79506e-10 
561.016 1.79132e-10 
561.309 1.78758e-10 
561.602 1.78385e-10 
561.895 1.78013e-10 
562.189 1.77642e-10 
562.482 1.77272e-10 
562.775 1.76903e-10 
563.068 1.76535e-10 
563.361 1.76168e-10 
563.654 1.75802e-10 
563.947 1.75436e-10 
564.24 1.75072e-10 
564.533 1.74709e-10 
564.827 1.74346e-10 
565.12 1.73985e-10 
565.413 1.73624e-10 
565.706 1.73265e-10 
565.999 1.72906e-10 
566.292 1.72549e-10 
566.585 1.72192e-10 
566.878 1.71836e-10 
567.171 1.71481e-10 
567.465 1.71127e-10 
567.758 1.70774e-10 
568.051 1.70422e-10 
568.344 1.7007e-10 
568.637 1.6972e-10 
568.93 1.6937e-10 
569.223 1.69022e-10 
569.516 1.68674e-10 
569.809 1.68327e-10 
570.103 1.67981e-10 
570.396 1.67636e-10 
570.689 1.67292e-10 
570.982 1.66949e-10 
571.275 1.66607e-10 
571.568 1.66265e-10 
571.861 1.65925e-10 
572.154 1.65585e-10 
572.447 1.65246e-10 
572.741 1.64908e-10 
573.034 1.64571e-10 
573.327 1.64235e-10 
573.62 1.63899e-10 
573.913 1.63565e-10 
574.206 1.63231e-10 
574.499 1.62898e-10 
574.792 1.62566e-10 
575.085 1.62235e-10 
575.379 1.61904e-10 
575.672 1.61575e-10 
575.965 1.61246e-10 
576.258 1.60918e-10 
576.551 1.60591e-10 
576.844 1.60265e-10 
577.137 1.5994e-10 
577.43 1.59615e-10 
577.724 1.59292e-10 
578.017 1.58969e-10 
578.31 1.58647e-10 
578.603 1.58326e-10 
578.896 1.58005e-10 
579.189 1.57686e-10 
579.482 1.57367e-10 
579.775 1.57049e-10 
580.068 1.56732e-10 
580.362 1.56415e-10 
580.655 1.561e-10 
580.948 1.55785e-10 
581.241 1.55471e-10 
581.534 1.55158e-10 
581.827 1.54845e-10 
582.12 1.54534e-10 
582.413 1.54223e-10 
582.706 1.53913e-10 
583 1.53603e-10 
583.293 1.53295e-10 
583.586 1.52987e-10 
583.879 1.5268e-10 
584.172 1.52374e-10 
584.465 1.52068e-10 
584.758 1.51764e-10 
585.051 1.5146e-10 
585.344 1.51157e-10 
585.638 1.50854e-10 
585.931 1.50553e-10 
586.224 1.50252e-10 
586.517 1.49952e-10 
586.81 1.49652e-10 
587.103 1.49354e-10 
587.396 1.49056e-10 
587.689 1.48759e-10 
587.982 1.48462e-10 
588.276 1.48167e-10 
588.569 1.47872e-10 
588.862 1.47577e-10 
589.155 1.47284e-10 
589.448 1.46991e-10 
589.741 1.46699e-10 
590.034 1.46408e-10 
590.327 1.46117e-10 
590.62 1.45828e-10 
590.914 1.45538e-10 
591.207 1.4525e-10 
591.5 1.44962e-10 
591.793 1.44675e-10 
592.086 1.44389e-10 
592.379 1.44104e-10 
592.672 1.43819e-10 
592.965 1.43535e-10 
593.258 1.43251e-10 
593.552 1.42968e-10 
593.845 1.42686e-10 
594.138 1.42405e-10 
594.431 1.42124e-10 
594.724 1.41844e-10 
595.017 1.41565e-10 
595.31 1.41286e-10 
595.603 1.41008e-10 
595.896 1.40731e-10 
596.19 1.40455e-10 
596.483 1.40179e-10 
596.776 1.39904e-10 
597.069 1.39629e-10 
597.362 1.39355e-10 
597.655 1.39082e-10 
597.948 1.3881e-10 
598.241 1.38538e-10 
598.534 1.38266e-10 
598.828 1.37996e-10 
599.121 1.37726e-10 
599.414 1.37457e-10 
599.707 1.37188e-10 
600 1.36921e-10 
