0.0001 7.73851e+12 
0.293212 0.00539643 
0.586324 0.0193834 
0.879435 0.0410977 
1.17255 0.0696662 
1.46566 0.104258 
1.75877 0.144096 
2.05188 0.188485 
2.34499 0.23679 
2.63811 0.28844 
2.93122 0.342919 
3.22433 0.399769 
3.51744 0.458583 
3.81055 0.518999 
4.10367 0.580772 
4.39678 0.64355 
4.68989 0.707099 
4.983 0.771226 
5.27611 0.835769 
5.56922 0.900597 
5.86234 0.965607 
6.15545 1.03072 
6.44856 1.09588 
6.74167 1.16104 
7.03478 1.22618 
7.3279 1.29128 
7.62101 1.35633 
7.91412 1.42134 
8.20723 1.4863 
8.50034 1.55121 
8.79345 1.61606 
9.08657 1.68087 
9.37968 1.74563 
9.67279 1.81034 
9.9659 1.87501 
10.259 1.93962 
10.5521 2.0042 
10.8452 2.06873 
11.1383 2.13322 
11.4315 2.19767 
11.7246 2.26209 
12.0177 2.32648 
12.3108 2.39083 
12.6039 2.45515 
12.897 2.51944 
13.1901 2.5837 
13.4832 2.64793 
13.7764 2.71214 
14.0695 2.77633 
14.3626 2.84049 
14.6557 2.90462 
14.9488 2.96874 
15.2419 3.03283 
15.535 3.09691 
15.8281 3.16096 
16.1213 3.225 
16.4144 3.28901 
16.7075 3.35301 
17.0006 3.41699 
17.2937 3.48096 
17.5868 3.54491 
17.8799 3.60885 
18.173 3.67277 
18.4661 3.73667 
18.7593 3.80057 
19.0524 3.86444 
19.3455 3.92831 
19.6386 3.99216 
19.9317 4.056 
20.2248 4.11983 
20.5179 4.18365 
20.811 4.24746 
21.1042 4.31125 
21.3973 4.37504 
21.6904 4.43881 
21.9835 4.50258 
22.2766 4.56633 
22.5697 4.63007 
22.8628 4.69381 
23.1559 4.75754 
23.449 4.82126 
23.7422 4.88496 
24.0353 4.94867 
24.3284 5.01236 
24.6215 5.07604 
24.9146 5.13972 
25.2077 2.41882e-05 
25.5008 2.30952e-05 
25.7939 2.20632e-05 
26.0871 2.10881e-05 
26.3802 2.01664e-05 
26.6733 1.92945e-05 
26.9664 1.84692e-05 
27.2595 1.76875e-05 
27.5526 1.69468e-05 
27.8457 1.62444e-05 
28.1388 1.55781e-05 
28.4319 1.49456e-05 
28.7251 1.43448e-05 
29.0182 1.37739e-05 
29.3113 1.32312e-05 
29.6044 1.27149e-05 
29.8975 1.22236e-05 
30.1906 1.17558e-05 
30.4837 1.13101e-05 
30.7768 1.08853e-05 
31.07 1.04804e-05 
31.3631 1.0094e-05 
31.6562 9.72534e-06 
31.9493 9.37333e-06 
32.2424 9.0371e-06 
32.5355 8.71581e-06 
32.8286 8.40868e-06 
33.1217 8.11495e-06 
33.4148 7.83395e-06 
33.708 7.56499e-06 
34.0011 7.30749e-06 
34.2942 7.06084e-06 
34.5873 6.82452e-06 
34.8804 6.598e-06 
35.1735 6.3808e-06 
35.4666 6.17247e-06 
35.7597 5.97257e-06 
36.0529 5.78069e-06 
36.346 5.59646e-06 
36.6391 5.41951e-06 
36.9322 5.2495e-06 
37.2253 5.08611e-06 
37.5184 4.92902e-06 
37.8115 4.77795e-06 
38.1046 4.63263e-06 
38.3977 4.49278e-06 
38.6909 4.35818e-06 
38.984 4.22858e-06 
39.2771 4.10376e-06 
39.5702 3.98351e-06 
39.8633 3.86763e-06 
40.1564 3.75594e-06 
40.4495 3.64825e-06 
40.7426 3.54439e-06 
41.0358 3.4442e-06 
41.3289 3.34753e-06 
41.622 3.25422e-06 
41.9151 3.16415e-06 
42.2082 3.07717e-06 
42.5013 2.99315e-06 
42.7944 2.91199e-06 
43.0875 2.83356e-06 
43.3806 2.75775e-06 
43.6738 2.68445e-06 
43.9669 2.61358e-06 
44.26 2.54503e-06 
44.5531 2.47872e-06 
44.8462 2.41455e-06 
45.1393 2.35244e-06 
45.4324 2.29232e-06 
45.7255 2.2341e-06 
46.0187 2.17772e-06 
46.3118 2.12311e-06 
46.6049 2.0702e-06 
46.898 2.01893e-06 
47.1911 1.96924e-06 
47.4842 1.92106e-06 
47.7773 1.87435e-06 
48.0704 1.82905e-06 
48.3636 1.78511e-06 
48.6567 1.74249e-06 
48.9498 1.70112e-06 
49.2429 1.66098e-06 
49.536 1.62201e-06 
49.8291 1.58419e-06 
50.1222 1.54745e-06 
50.4153 1.51178e-06 
50.7084 1.47713e-06 
51.0016 1.44346e-06 
51.2947 1.41075e-06 
51.5878 1.37896e-06 
51.8809 1.34806e-06 
52.174 1.31802e-06 
52.4671 1.28881e-06 
52.7602 1.26041e-06 
53.0533 1.23279e-06 
53.3465 1.20591e-06 
53.6396 1.17977e-06 
53.9327 1.15433e-06 
54.2258 1.12957e-06 
54.5189 1.10548e-06 
54.812 1.08202e-06 
55.1051 1.05918e-06 
55.3982 1.03694e-06 
55.6913 1.01528e-06 
55.9845 9.94188e-07 
56.2776 9.73637e-07 
56.5707 9.53614e-07 
56.8638 9.34104e-07 
57.1569 9.1509e-07 
57.45 8.96557e-07 
57.7431 8.78491e-07 
58.0362 8.60878e-07 
58.3294 8.43703e-07 
58.6225 8.26956e-07 
58.9156 8.10621e-07 
59.2087 7.94688e-07 
59.5018 7.79145e-07 
59.7949 7.63979e-07 
60.088 7.49181e-07 
60.3811 7.34739e-07 
60.6742 7.20644e-07 
60.9674 7.06885e-07 
61.2605 6.93453e-07 
61.5536 6.80339e-07 
61.8467 6.67533e-07 
62.1398 6.55027e-07 
62.4329 6.42812e-07 
62.726 6.30881e-07 
63.0191 6.19225e-07 
63.3123 6.07837e-07 
63.6054 5.9671e-07 
63.8985 5.85837e-07 
64.1916 5.75209e-07 
64.4847 5.64822e-07 
64.7778 5.54668e-07 
65.0709 5.44742e-07 
65.364 5.35036e-07 
65.6571 5.25546e-07 
65.9503 5.16265e-07 
66.2434 5.07188e-07 
66.5365 4.98309e-07 
66.8296 4.89624e-07 
67.1227 4.81128e-07 
67.4158 4.72815e-07 
67.7089 4.64681e-07 
68.002 4.56721e-07 
68.2952 4.4893e-07 
68.5883 4.41305e-07 
68.8814 4.33842e-07 
69.1745 4.26535e-07 
69.4676 4.19381e-07 
69.7607 4.12377e-07 
70.0538 4.05519e-07 
70.3469 3.98802e-07 
70.64 3.92224e-07 
70.9332 3.85781e-07 
71.2263 3.7947e-07 
71.5194 3.73287e-07 
71.8125 3.6723e-07 
72.1056 3.61295e-07 
72.3987 3.5548e-07 
72.6918 3.49781e-07 
72.9849 3.44196e-07 
73.2781 3.38721e-07 
73.5712 3.33356e-07 
73.8643 3.28096e-07 
74.1574 3.22939e-07 
74.4505 3.17883e-07 
74.7436 3.12926e-07 
75.0367 3.08065e-07 
75.3298 3.03299e-07 
75.623 2.98624e-07 
75.9161 2.94038e-07 
76.2092 2.89541e-07 
76.5023 2.85129e-07 
76.7954 2.808e-07 
77.0885 2.76554e-07 
77.3816 2.72388e-07 
77.6747 2.68299e-07 
77.9678 2.64287e-07 
78.261 2.6035e-07 
78.5541 2.56486e-07 
78.8472 2.52693e-07 
79.1403 2.4897e-07 
79.4334 2.45316e-07 
79.7265 2.41728e-07 
80.0196 2.38206e-07 
80.3127 2.34747e-07 
80.6059 2.31351e-07 
80.899 2.28017e-07 
81.1921 2.24742e-07 
81.4852 2.21526e-07 
81.7783 2.18367e-07 
82.0714 2.15264e-07 
82.3645 2.12216e-07 
82.6576 2.09222e-07 
82.9507 2.0628e-07 
83.2439 2.0339e-07 
83.537 2.0055e-07 
83.8301 1.9776e-07 
84.1232 1.95018e-07 
84.4163 1.92324e-07 
84.7094 1.89676e-07 
85.0025 1.87073e-07 
85.2956 1.84515e-07 
85.5888 1.82e-07 
85.8819 1.79528e-07 
86.175 1.77098e-07 
86.4681 1.74709e-07 
86.7612 1.7236e-07 
87.0543 1.7005e-07 
87.3474 1.67779e-07 
87.6405 1.65546e-07 
87.9336 1.6335e-07 
88.2268 1.6119e-07 
88.5199 1.59065e-07 
88.813 1.56976e-07 
89.1061 1.5492e-07 
89.3992 1.52899e-07 
89.6923 1.5091e-07 
89.9854 1.48953e-07 
90.2785 1.47028e-07 
90.5717 1.45134e-07 
90.8648 1.4327e-07 
91.1579 1.41437e-07 
91.451 1.39632e-07 
91.7441 1.37856e-07 
92.0372 1.36108e-07 
92.3303 1.34388e-07 
92.6234 1.32695e-07 
92.9165 1.31029e-07 
93.2097 1.29388e-07 
93.5028 1.27773e-07 
93.7959 1.26184e-07 
94.089 1.24619e-07 
94.3821 1.23078e-07 
94.6752 1.21561e-07 
94.9683 1.20067e-07 
95.2614 1.18596e-07 
95.5546 1.17147e-07 
95.8477 1.15721e-07 
96.1408 1.14316e-07 
96.4339 1.12933e-07 
96.727 1.1157e-07 
97.0201 1.10228e-07 
97.3132 1.08906e-07 
97.6063 1.07604e-07 
97.8994 1.06321e-07 
98.1926 1.05057e-07 
98.4857 1.03812e-07 
98.7788 1.02585e-07 
99.0719 1.01376e-07 
99.365 1.00185e-07 
99.6581 9.9012e-08 
99.9512 9.78556e-08 
100.244 9.67161e-08 
100.537 9.55932e-08 
100.831 9.44865e-08 
101.124 9.33957e-08 
101.417 9.23207e-08 
101.71 9.12611e-08 
102.003 9.02166e-08 
102.296 8.9187e-08 
102.589 8.81721e-08 
102.882 8.71716e-08 
103.175 8.61852e-08 
103.469 8.52128e-08 
103.762 8.4254e-08 
104.055 8.33086e-08 
104.348 8.23765e-08 
104.641 8.14574e-08 
104.934 8.05511e-08 
105.227 7.96573e-08 
105.52 7.87759e-08 
105.813 7.79067e-08 
106.107 7.70494e-08 
106.4 7.62039e-08 
106.693 7.53699e-08 
106.986 7.45473e-08 
107.279 7.37359e-08 
107.572 7.29355e-08 
107.865 7.2146e-08 
108.158 7.13671e-08 
108.451 7.05987e-08 
108.745 6.98406e-08 
109.038 6.90926e-08 
109.331 6.83547e-08 
109.624 6.76265e-08 
109.917 6.69081e-08 
110.21 6.61991e-08 
110.503 6.54995e-08 
110.796 6.48092e-08 
111.089 6.41279e-08 
111.383 6.34555e-08 
111.676 6.27919e-08 
111.969 6.2137e-08 
112.262 6.14906e-08 
112.555 6.08525e-08 
112.848 6.02228e-08 
113.141 5.96011e-08 
113.434 5.89875e-08 
113.727 5.83817e-08 
114.021 5.77837e-08 
114.314 5.71933e-08 
114.607 5.66104e-08 
114.9 5.6035e-08 
115.193 5.54668e-08 
115.486 5.49059e-08 
115.779 5.4352e-08 
116.072 5.3805e-08 
116.365 5.3265e-08 
116.659 5.27316e-08 
116.952 5.2205e-08 
117.245 5.16849e-08 
117.538 5.11713e-08 
117.831 5.0664e-08 
118.124 5.0163e-08 
118.417 4.96682e-08 
118.71 4.91794e-08 
119.003 4.86967e-08 
119.297 4.82199e-08 
119.59 4.77489e-08 
119.883 4.72836e-08 
120.176 4.6824e-08 
120.469 4.63699e-08 
120.762 4.59214e-08 
121.055 4.54782e-08 
121.348 4.50404e-08 
121.642 4.46079e-08 
121.935 4.41805e-08 
122.228 4.37582e-08 
122.521 4.3341e-08 
122.814 4.29287e-08 
123.107 4.25213e-08 
123.4 4.21187e-08 
123.693 4.17209e-08 
123.986 4.13278e-08 
124.28 4.09393e-08 
124.573 4.05553e-08 
124.866 4.01759e-08 
125.159 3.98008e-08 
125.452 3.94302e-08 
125.745 3.90638e-08 
126.038 3.87017e-08 
126.331 3.83438e-08 
126.624 3.799e-08 
126.918 3.76402e-08 
127.211 3.72945e-08 
127.504 3.69527e-08 
127.797 3.66149e-08 
128.09 3.62809e-08 
128.383 3.59507e-08 
128.676 3.56242e-08 
128.969 3.53015e-08 
129.262 3.49824e-08 
129.556 3.46669e-08 
129.849 3.43549e-08 
130.142 3.40465e-08 
130.435 3.37415e-08 
130.728 3.34399e-08 
131.021 3.31416e-08 
131.314 3.28467e-08 
131.607 3.25551e-08 
131.9 3.22666e-08 
132.194 3.19814e-08 
132.487 3.16993e-08 
132.78 3.14203e-08 
133.073 3.11444e-08 
133.366 3.08715e-08 
133.659 3.06016e-08 
133.952 3.03347e-08 
134.245 3.00706e-08 
134.538 2.98094e-08 
134.832 2.9551e-08 
135.125 2.92954e-08 
135.418 2.90426e-08 
135.711 2.87925e-08 
136.004 2.85451e-08 
136.297 2.83004e-08 
136.59 2.80582e-08 
136.883 2.78187e-08 
137.176 2.75817e-08 
137.47 2.73472e-08 
137.763 2.71152e-08 
138.056 2.68856e-08 
138.349 2.66585e-08 
138.642 2.64338e-08 
138.935 2.62114e-08 
139.228 2.59914e-08 
139.521 2.57737e-08 
139.814 2.55582e-08 
140.108 2.5345e-08 
140.401 2.5134e-08 
140.694 2.49252e-08 
140.987 2.47186e-08 
141.28 2.45141e-08 
141.573 2.43117e-08 
141.866 2.41114e-08 
142.159 2.39132e-08 
142.452 2.37169e-08 
142.746 2.35227e-08 
143.039 2.33305e-08 
143.332 2.31403e-08 
143.625 2.2952e-08 
143.918 2.27655e-08 
144.211 2.2581e-08 
144.504 2.23984e-08 
144.797 2.22175e-08 
145.09 2.20386e-08 
145.384 2.18614e-08 
145.677 2.16859e-08 
145.97 2.15123e-08 
146.263 2.13404e-08 
146.556 2.11701e-08 
146.849 2.10016e-08 
147.142 2.08348e-08 
147.435 2.06696e-08 
147.728 2.0506e-08 
148.022 2.03441e-08 
148.315 2.01838e-08 
148.608 2.0025e-08 
148.901 1.98678e-08 
149.194 1.97121e-08 
149.487 1.95579e-08 
149.78 1.94053e-08 
150.073 1.92541e-08 
150.366 1.91044e-08 
150.66 1.89562e-08 
150.953 1.88094e-08 
151.246 1.8664e-08 
151.539 1.852e-08 
151.832 1.83774e-08 
152.125 1.82362e-08 
152.418 1.80963e-08 
152.711 1.79578e-08 
153.004 1.78206e-08 
153.298 1.76847e-08 
153.591 1.75501e-08 
153.884 1.74167e-08 
154.177 1.72847e-08 
154.47 1.71538e-08 
154.763 1.70243e-08 
155.056 1.68959e-08 
155.349 1.67687e-08 
155.642 1.66428e-08 
155.936 1.6518e-08 
156.229 1.63944e-08 
156.522 1.62719e-08 
156.815 1.61506e-08 
157.108 1.60304e-08 
157.401 1.59113e-08 
157.694 1.57934e-08 
157.987 1.56765e-08 
158.28 1.55607e-08 
158.574 1.5446e-08 
158.867 1.53323e-08 
159.16 1.52197e-08 
159.453 1.51081e-08 
159.746 1.49975e-08 
160.039 1.48879e-08 
160.332 1.47793e-08 
160.625 1.46717e-08 
160.918 1.45651e-08 
161.212 1.44595e-08 
161.505 1.43548e-08 
161.798 1.42511e-08 
162.091 1.41483e-08 
162.384 1.40464e-08 
162.677 1.39454e-08 
162.97 1.38454e-08 
163.263 1.37462e-08 
163.556 1.36479e-08 
163.85 1.35505e-08 
164.143 1.3454e-08 
164.436 1.33583e-08 
164.729 1.32635e-08 
165.022 1.31695e-08 
165.315 1.30764e-08 
165.608 1.29841e-08 
165.901 1.28925e-08 
166.195 1.28018e-08 
166.488 1.27119e-08 
166.781 1.26228e-08 
167.074 1.25344e-08 
167.367 1.24469e-08 
167.66 1.236e-08 
167.953 1.2274e-08 
168.246 1.21887e-08 
168.539 1.21041e-08 
168.833 1.20203e-08 
169.126 1.19372e-08 
169.419 1.18548e-08 
169.712 1.17731e-08 
170.005 1.16921e-08 
170.298 1.16118e-08 
170.591 1.15322e-08 
170.884 1.14533e-08 
171.177 1.1375e-08 
171.471 1.12975e-08 
171.764 1.12205e-08 
172.057 1.11443e-08 
172.35 1.10687e-08 
172.643 1.09937e-08 
172.936 1.09193e-08 
173.229 1.08456e-08 
173.522 1.07725e-08 
173.815 1.07e-08 
174.109 1.06282e-08 
174.402 1.05569e-08 
174.695 1.04862e-08 
174.988 1.04161e-08 
175.281 1.03466e-08 
175.574 1.02777e-08 
175.867 1.02094e-08 
176.16 1.01416e-08 
176.453 1.00744e-08 
176.747 1.00077e-08 
177.04 9.9416e-09 
177.333 9.87604e-09 
177.626 9.81101e-09 
177.919 9.74652e-09 
178.212 9.68255e-09 
178.505 9.61911e-09 
178.798 9.55619e-09 
179.091 9.49378e-09 
179.385 9.43188e-09 
179.678 9.37049e-09 
179.971 9.30959e-09 
180.264 9.24919e-09 
180.557 9.18928e-09 
180.85 9.12985e-09 
181.143 9.0709e-09 
181.436 9.01242e-09 
181.729 8.95442e-09 
182.023 8.89688e-09 
182.316 8.8398e-09 
182.609 8.78318e-09 
182.902 8.72702e-09 
183.195 8.6713e-09 
183.488 8.61602e-09 
183.781 8.56119e-09 
184.074 8.50679e-09 
184.367 8.45282e-09 
184.661 8.39928e-09 
184.954 8.34616e-09 
185.247 8.29346e-09 
185.54 8.24118e-09 
185.833 8.18931e-09 
186.126 8.13784e-09 
186.419 8.08678e-09 
186.712 8.03612e-09 
187.005 7.98586e-09 
187.299 7.93598e-09 
187.592 7.8865e-09 
187.885 7.8374e-09 
188.178 7.78868e-09 
188.471 7.74034e-09 
188.764 7.69238e-09 
189.057 7.64479e-09 
189.35 7.59756e-09 
189.643 7.5507e-09 
189.937 7.5042e-09 
190.23 7.45805e-09 
190.523 7.41226e-09 
190.816 7.36682e-09 
191.109 7.32173e-09 
191.402 7.27699e-09 
191.695 7.23258e-09 
191.988 7.18851e-09 
192.281 7.14478e-09 
192.575 7.10138e-09 
192.868 7.05831e-09 
193.161 7.01556e-09 
193.454 6.97314e-09 
193.747 6.93104e-09 
194.04 6.88926e-09 
194.333 6.84779e-09 
194.626 6.80663e-09 
194.919 6.76578e-09 
195.213 6.72523e-09 
195.506 6.68499e-09 
195.799 6.64505e-09 
196.092 6.60541e-09 
196.385 6.56606e-09 
196.678 6.52701e-09 
196.971 6.48824e-09 
197.264 6.44977e-09 
197.557 6.41157e-09 
197.851 6.37366e-09 
198.144 6.33603e-09 
198.437 6.29868e-09 
198.73 6.2616e-09 
199.023 6.2248e-09 
199.316 6.18826e-09 
199.609 6.15199e-09 
199.902 6.11599e-09 
200.195 6.08025e-09 
200.489 6.04477e-09 
200.782 6.00955e-09 
201.075 5.97459e-09 
201.368 5.93988e-09 
201.661 5.90542e-09 
201.954 5.87121e-09 
202.247 5.83724e-09 
202.54 5.80353e-09 
202.833 5.77005e-09 
203.127 5.73682e-09 
203.42 5.70383e-09 
203.713 5.67107e-09 
204.006 5.63855e-09 
204.299 5.60626e-09 
204.592 5.5742e-09 
204.885 5.54237e-09 
205.178 5.51077e-09 
205.471 5.47939e-09 
205.765 5.44824e-09 
206.058 5.4173e-09 
206.351 5.38659e-09 
206.644 5.35609e-09 
206.937 5.32581e-09 
207.23 5.29574e-09 
207.523 5.26588e-09 
207.816 5.23624e-09 
208.109 5.2068e-09 
208.403 5.17757e-09 
208.696 5.14854e-09 
208.989 5.11972e-09 
209.282 5.0911e-09 
209.575 5.06268e-09 
209.868 5.03445e-09 
210.161 5.00642e-09 
210.454 4.97859e-09 
210.748 4.95095e-09 
211.041 4.9235e-09 
211.334 4.89625e-09 
211.627 4.86918e-09 
211.92 4.84229e-09 
212.213 4.8156e-09 
212.506 4.78908e-09 
212.799 4.76275e-09 
213.092 4.7366e-09 
213.386 4.71063e-09 
213.679 4.68483e-09 
213.972 4.65922e-09 
214.265 4.63377e-09 
214.558 4.6085e-09 
214.851 4.58341e-09 
215.144 4.55848e-09 
215.437 4.53372e-09 
215.73 4.50913e-09 
216.024 4.48471e-09 
216.317 4.46045e-09 
216.61 4.43636e-09 
216.903 4.41243e-09 
217.196 4.38866e-09 
217.489 4.36504e-09 
217.782 4.34159e-09 
218.075 4.3183e-09 
218.368 4.29516e-09 
218.662 4.27217e-09 
218.955 4.24934e-09 
219.248 4.22667e-09 
219.541 4.20414e-09 
219.834 4.18176e-09 
220.127 4.15953e-09 
220.42 4.13745e-09 
220.713 4.11552e-09 
221.006 4.09373e-09 
221.3 4.07208e-09 
221.593 4.05058e-09 
221.886 4.02922e-09 
222.179 4.008e-09 
222.472 3.98692e-09 
222.765 3.96598e-09 
223.058 3.94517e-09 
223.351 3.9245e-09 
223.644 3.90397e-09 
223.938 3.88357e-09 
224.231 3.8633e-09 
224.524 3.84317e-09 
224.817 3.82316e-09 
225.11 3.80329e-09 
225.403 3.78355e-09 
225.696 3.76393e-09 
225.989 3.74444e-09 
226.282 3.72508e-09 
226.576 3.70584e-09 
226.869 3.68672e-09 
227.162 3.66773e-09 
227.455 3.64886e-09 
227.748 3.63011e-09 
228.041 3.61149e-09 
228.334 3.59298e-09 
228.627 3.57459e-09 
228.92 3.55632e-09 
229.214 3.53816e-09 
229.507 3.52012e-09 
229.8 3.50219e-09 
230.093 3.48438e-09 
230.386 3.46668e-09 
230.679 3.4491e-09 
230.972 3.43162e-09 
231.265 3.41426e-09 
231.558 3.397e-09 
231.852 3.37986e-09 
232.145 3.36282e-09 
232.438 3.34589e-09 
232.731 3.32907e-09 
233.024 3.31235e-09 
233.317 3.29573e-09 
233.61 3.27922e-09 
233.903 3.26282e-09 
234.196 3.24651e-09 
234.49 3.23031e-09 
234.783 3.21421e-09 
235.076 3.19821e-09 
235.369 3.18231e-09 
235.662 3.16651e-09 
235.955 3.1508e-09 
236.248 3.13519e-09 
236.541 3.11968e-09 
236.834 3.10427e-09 
237.128 3.08895e-09 
237.421 3.07372e-09 
237.714 3.05859e-09 
238.007 3.04355e-09 
238.3 3.0286e-09 
238.593 3.01375e-09 
238.886 2.99898e-09 
239.179 2.98431e-09 
239.472 2.96972e-09 
239.766 2.95523e-09 
240.059 2.94082e-09 
240.352 2.9265e-09 
240.645 2.91227e-09 
240.938 2.89813e-09 
241.231 2.88407e-09 
241.524 2.87009e-09 
241.817 2.8562e-09 
242.11 2.84239e-09 
242.404 2.82867e-09 
242.697 2.81503e-09 
242.99 2.80147e-09 
243.283 2.788e-09 
243.576 2.7746e-09 
243.869 2.76128e-09 
244.162 2.74805e-09 
244.455 2.73489e-09 
244.748 2.72181e-09 
245.042 2.70881e-09 
245.335 2.69589e-09 
245.628 2.68305e-09 
245.921 2.67028e-09 
246.214 2.65759e-09 
246.507 2.64497e-09 
246.8 2.63243e-09 
247.093 2.61996e-09 
247.386 2.60756e-09 
247.68 2.59524e-09 
247.973 2.58299e-09 
248.266 2.57081e-09 
248.559 2.55871e-09 
248.852 2.54668e-09 
249.145 2.53471e-09 
249.438 2.52282e-09 
249.731 2.511e-09 
250.024 2.49924e-09 
250.318 2.48756e-09 
250.611 2.47594e-09 
250.904 2.46439e-09 
251.197 2.45291e-09 
251.49 2.44149e-09 
251.783 2.43014e-09 
252.076 2.41886e-09 
252.369 2.40764e-09 
252.662 2.39649e-09 
252.956 2.3854e-09 
253.249 2.37438e-09 
253.542 2.36342e-09 
253.835 2.35252e-09 
254.128 2.34168e-09 
254.421 2.33091e-09 
254.714 2.3202e-09 
255.007 2.30955e-09 
255.3 2.29896e-09 
255.594 2.28843e-09 
255.887 2.27797e-09 
256.18 2.26756e-09 
256.473 2.25721e-09 
256.766 2.24692e-09 
257.059 2.23669e-09 
257.352 2.22652e-09 
257.645 2.2164e-09 
257.939 2.20635e-09 
258.232 2.19635e-09 
258.525 2.1864e-09 
258.818 2.17651e-09 
259.111 2.16668e-09 
259.404 2.15691e-09 
259.697 2.14719e-09 
259.99 2.13752e-09 
260.283 2.12791e-09 
260.577 2.11835e-09 
260.87 2.10884e-09 
261.163 2.09939e-09 
261.456 2.08999e-09 
261.749 2.08065e-09 
262.042 2.07135e-09 
262.335 2.06211e-09 
262.628 2.05292e-09 
262.921 2.04378e-09 
263.215 2.03469e-09 
263.508 2.02566e-09 
263.801 2.01667e-09 
264.094 2.00773e-09 
264.387 1.99884e-09 
264.68 1.99e-09 
264.973 1.98121e-09 
265.266 1.97247e-09 
265.559 1.96377e-09 
265.853 1.95513e-09 
266.146 1.94653e-09 
266.439 1.93798e-09 
266.732 1.92947e-09 
267.025 1.92102e-09 
267.318 1.9126e-09 
267.611 1.90424e-09 
267.904 1.89592e-09 
268.197 1.88764e-09 
268.491 1.87941e-09 
268.784 1.87123e-09 
269.077 1.86309e-09 
269.37 1.85499e-09 
269.663 1.84694e-09 
269.956 1.83893e-09 
270.249 1.83097e-09 
270.542 1.82305e-09 
270.835 1.81517e-09 
271.129 1.80733e-09 
271.422 1.79954e-09 
271.715 1.79178e-09 
272.008 1.78407e-09 
272.301 1.7764e-09 
272.594 1.76878e-09 
272.887 1.76119e-09 
273.18 1.75364e-09 
273.473 1.74614e-09 
273.767 1.73867e-09 
274.06 1.73124e-09 
274.353 1.72386e-09 
274.646 1.71651e-09 
274.939 1.7092e-09 
275.232 1.70193e-09 
275.525 1.6947e-09 
275.818 1.68751e-09 
276.111 1.68035e-09 
276.405 1.67324e-09 
276.698 1.66616e-09 
276.991 1.65912e-09 
277.284 1.65211e-09 
277.577 1.64515e-09 
277.87 1.63822e-09 
278.163 1.63132e-09 
278.456 1.62446e-09 
278.749 1.61764e-09 
279.043 1.61086e-09 
279.336 1.60411e-09 
279.629 1.59739e-09 
279.922 1.59071e-09 
280.215 1.58406e-09 
280.508 1.57745e-09 
280.801 1.57088e-09 
281.094 1.56434e-09 
281.387 1.55783e-09 
281.681 1.55135e-09 
281.974 1.54491e-09 
282.267 1.53851e-09 
282.56 1.53213e-09 
282.853 1.52579e-09 
283.146 1.51948e-09 
283.439 1.51321e-09 
283.732 1.50696e-09 
284.025 1.50075e-09 
284.319 1.49457e-09 
284.612 1.48843e-09 
284.905 1.48231e-09 
285.198 1.47623e-09 
285.491 1.47017e-09 
285.784 1.46415e-09 
286.077 1.45816e-09 
286.37 1.4522e-09 
286.663 1.44627e-09 
286.957 1.44037e-09 
287.25 1.4345e-09 
287.543 1.42866e-09 
287.836 1.42285e-09 
288.129 1.41707e-09 
288.422 1.41132e-09 
288.715 1.40559e-09 
289.008 1.3999e-09 
289.301 1.39423e-09 
289.595 1.3886e-09 
289.888 1.38299e-09 
290.181 1.37741e-09 
290.474 1.37186e-09 
290.767 1.36634e-09 
291.06 1.36084e-09 
291.353 1.35537e-09 
291.646 1.34993e-09 
291.939 1.34452e-09 
292.233 1.33913e-09 
292.526 1.33377e-09 
292.819 1.32844e-09 
293.112 1.32314e-09 
293.405 1.31786e-09 
293.698 1.3126e-09 
293.991 1.30738e-09 
294.284 1.30218e-09 
294.577 1.297e-09 
294.871 1.29185e-09 
295.164 1.28673e-09 
295.457 1.28163e-09 
295.75 1.27656e-09 
296.043 1.27151e-09 
296.336 1.26648e-09 
296.629 1.26149e-09 
296.922 1.25651e-09 
297.215 1.25156e-09 
297.509 1.24664e-09 
297.802 1.24174e-09 
298.095 1.23686e-09 
298.388 1.23201e-09 
298.681 1.22718e-09 
298.974 1.22237e-09 
299.267 1.21759e-09 
299.56 1.21283e-09 
299.853 1.2081e-09 
300.147 1.20339e-09 
300.44 1.1987e-09 
300.733 1.19403e-09 
301.026 1.18939e-09 
301.319 1.18476e-09 
301.612 1.18017e-09 
301.905 1.17559e-09 
302.198 1.17104e-09 
302.492 1.1665e-09 
302.785 1.16199e-09 
303.078 1.1575e-09 
303.371 1.15304e-09 
303.664 1.14859e-09 
303.957 1.14417e-09 
304.25 1.13976e-09 
304.543 1.13538e-09 
304.836 1.13102e-09 
305.13 1.12668e-09 
305.423 1.12236e-09 
305.716 1.11807e-09 
306.009 1.11379e-09 
306.302 1.10953e-09 
306.595 1.10529e-09 
306.888 1.10108e-09 
307.181 1.09688e-09 
307.474 1.0927e-09 
307.768 1.08855e-09 
308.061 1.08441e-09 
308.354 1.08029e-09 
308.647 1.0762e-09 
308.94 1.07212e-09 
309.233 1.06806e-09 
309.526 1.06402e-09 
309.819 1.06e-09 
310.112 1.056e-09 
310.406 1.05201e-09 
310.699 1.04805e-09 
310.992 1.0441e-09 
311.285 1.04018e-09 
311.578 1.03627e-09 
311.871 1.03238e-09 
312.164 1.0285e-09 
312.457 1.02465e-09 
312.75 1.02081e-09 
313.044 1.017e-09 
313.337 1.0132e-09 
313.63 1.00941e-09 
313.923 1.00565e-09 
314.216 1.0019e-09 
314.509 9.98173e-10 
314.802 9.9446e-10 
315.095 9.90765e-10 
315.388 9.87087e-10 
315.682 9.83426e-10 
315.975 9.79782e-10 
316.268 9.76155e-10 
316.561 9.72545e-10 
316.854 9.68951e-10 
317.147 9.65374e-10 
317.44 9.61813e-10 
317.733 9.58269e-10 
318.026 9.54741e-10 
318.32 9.51229e-10 
318.613 9.47734e-10 
318.906 9.44254e-10 
319.199 9.40791e-10 
319.492 9.37343e-10 
319.785 9.33911e-10 
320.078 9.30495e-10 
320.371 9.27094e-10 
320.664 9.23709e-10 
320.958 9.2034e-10 
321.251 9.16985e-10 
321.544 9.13646e-10 
321.837 9.10322e-10 
322.13 9.07014e-10 
322.423 9.0372e-10 
322.716 9.00441e-10 
323.009 8.97177e-10 
323.302 8.93928e-10 
323.596 8.90694e-10 
323.889 8.87474e-10 
324.182 8.84268e-10 
324.475 8.81077e-10 
324.768 8.77901e-10 
325.061 8.74739e-10 
325.354 8.71591e-10 
325.647 8.68457e-10 
325.94 8.65337e-10 
326.234 8.62232e-10 
326.527 8.5914e-10 
326.82 8.56062e-10 
327.113 8.52998e-10 
327.406 8.49947e-10 
327.699 8.4691e-10 
327.992 8.43887e-10 
328.285 8.40877e-10 
328.578 8.37881e-10 
328.872 8.34898e-10 
329.165 8.31928e-10 
329.458 8.28971e-10 
329.751 8.26028e-10 
330.044 8.23097e-10 
330.337 8.2018e-10 
330.63 8.17275e-10 
330.923 8.14383e-10 
331.216 8.11504e-10 
331.51 8.08638e-10 
331.803 8.05784e-10 
332.096 8.02943e-10 
332.389 8.00115e-10 
332.682 7.97299e-10 
332.975 7.94495e-10 
333.268 7.91704e-10 
333.561 7.88925e-10 
333.854 7.86158e-10 
334.148 7.83403e-10 
334.441 7.8066e-10 
334.734 7.77929e-10 
335.027 7.75211e-10 
335.32 7.72504e-10 
335.613 7.69808e-10 
335.906 7.67125e-10 
336.199 7.64453e-10 
336.492 7.61793e-10 
336.786 7.59145e-10 
337.079 7.56508e-10 
337.372 7.53882e-10 
337.665 7.51268e-10 
337.958 7.48665e-10 
338.251 7.46073e-10 
338.544 7.43493e-10 
338.837 7.40923e-10 
339.13 7.38365e-10 
339.424 7.35818e-10 
339.717 7.33282e-10 
340.01 7.30756e-10 
340.303 7.28242e-10 
340.596 7.25738e-10 
340.889 7.23246e-10 
341.182 7.20763e-10 
341.475 7.18292e-10 
341.768 7.15831e-10 
342.062 7.1338e-10 
342.355 7.1094e-10 
342.648 7.08511e-10 
342.941 7.06092e-10 
343.234 7.03683e-10 
343.527 7.01284e-10 
343.82 6.98896e-10 
344.113 6.96518e-10 
344.406 6.9415e-10 
344.7 6.91792e-10 
344.993 6.89444e-10 
345.286 6.87106e-10 
345.579 6.84777e-10 
345.872 6.82459e-10 
346.165 6.80151e-10 
346.458 6.77852e-10 
346.751 6.75563e-10 
347.044 6.73283e-10 
347.338 6.71013e-10 
347.631 6.68753e-10 
347.924 6.66502e-10 
348.217 6.64261e-10 
348.51 6.62029e-10 
348.803 6.59807e-10 
349.096 6.57594e-10 
349.389 6.5539e-10 
349.683 6.53195e-10 
349.976 6.51009e-10 
350.269 6.48833e-10 
350.562 6.46666e-10 
350.855 6.44508e-10 
351.148 6.42358e-10 
351.441 6.40218e-10 
351.734 6.38087e-10 
352.027 6.35964e-10 
352.321 6.3385e-10 
352.614 6.31745e-10 
352.907 6.29649e-10 
353.2 6.27562e-10 
353.493 6.25483e-10 
353.786 6.23413e-10 
354.079 6.21351e-10 
354.372 6.19298e-10 
354.665 6.17253e-10 
354.959 6.15217e-10 
355.252 6.13189e-10 
355.545 6.11169e-10 
355.838 6.09158e-10 
356.131 6.07155e-10 
356.424 6.0516e-10 
356.717 6.03174e-10 
357.01 6.01195e-10 
357.303 5.99225e-10 
357.597 5.97263e-10 
357.89 5.95308e-10 
358.183 5.93362e-10 
358.476 5.91424e-10 
358.769 5.89493e-10 
359.062 5.87571e-10 
359.355 5.85656e-10 
359.648 5.83749e-10 
359.941 5.8185e-10 
360.235 5.79959e-10 
360.528 5.78075e-10 
360.821 5.76199e-10 
361.114 5.7433e-10 
361.407 5.72469e-10 
361.7 5.70616e-10 
361.993 5.6877e-10 
362.286 5.66932e-10 
362.579 5.65101e-10 
362.873 5.63277e-10 
363.166 5.61461e-10 
363.459 5.59652e-10 
363.752 5.5785e-10 
364.045 5.56056e-10 
364.338 5.54268e-10 
364.631 5.52488e-10 
364.924 5.50715e-10 
365.217 5.4895e-10 
365.511 5.47191e-10 
365.804 5.45439e-10 
366.097 5.43694e-10 
366.39 5.41957e-10 
366.683 5.40226e-10 
366.976 5.38502e-10 
367.269 5.36785e-10 
367.562 5.35075e-10 
367.855 5.33371e-10 
368.149 5.31675e-10 
368.442 5.29985e-10 
368.735 5.28302e-10 
369.028 5.26625e-10 
369.321 5.24955e-10 
369.614 5.23292e-10 
369.907 5.21636e-10 
370.2 5.19986e-10 
370.493 5.18342e-10 
370.787 5.16705e-10 
371.08 5.15074e-10 
371.373 5.1345e-10 
371.666 5.11832e-10 
371.959 5.10221e-10 
372.252 5.08616e-10 
372.545 5.07017e-10 
372.838 5.05424e-10 
373.131 5.03838e-10 
373.425 5.02258e-10 
373.718 5.00684e-10 
374.011 4.99117e-10 
374.304 4.97555e-10 
374.597 4.96e-10 
374.89 4.9445e-10 
375.183 4.92907e-10 
375.476 4.91369e-10 
375.769 4.89838e-10 
376.063 4.88313e-10 
376.356 4.86793e-10 
376.649 4.8528e-10 
376.942 4.83772e-10 
377.235 4.8227e-10 
377.528 4.80774e-10 
377.821 4.79284e-10 
378.114 4.778e-10 
378.407 4.76321e-10 
378.701 4.74848e-10 
378.994 4.73381e-10 
379.287 4.71919e-10 
379.58 4.70463e-10 
379.873 4.69013e-10 
380.166 4.67568e-10 
380.459 4.66129e-10 
380.752 4.64695e-10 
381.045 4.63267e-10 
381.339 4.61844e-10 
381.632 4.60427e-10 
381.925 4.59015e-10 
382.218 4.57609e-10 
382.511 4.56208e-10 
382.804 4.54812e-10 
383.097 4.53422e-10 
383.39 4.52037e-10 
383.683 4.50657e-10 
383.977 4.49282e-10 
384.27 4.47913e-10 
384.563 4.46549e-10 
384.856 4.4519e-10 
385.149 4.43837e-10 
385.442 4.42488e-10 
385.735 4.41145e-10 
386.028 4.39806e-10 
386.321 4.38473e-10 
386.615 4.37145e-10 
386.908 4.35822e-10 
387.201 4.34504e-10 
387.494 4.3319e-10 
387.787 4.31882e-10 
388.08 4.30579e-10 
388.373 4.29281e-10 
388.666 4.27987e-10 
388.959 4.26698e-10 
389.253 4.25415e-10 
389.546 4.24136e-10 
389.839 4.22861e-10 
390.132 4.21592e-10 
390.425 4.20327e-10 
390.718 4.19068e-10 
391.011 4.17812e-10 
391.304 4.16562e-10 
391.597 4.15316e-10 
391.891 4.14075e-10 
392.184 4.12839e-10 
392.477 4.11607e-10 
392.77 4.10379e-10 
393.063 4.09157e-10 
393.356 4.07938e-10 
393.649 4.06725e-10 
393.942 4.05516e-10 
394.236 4.04311e-10 
394.529 4.03111e-10 
394.822 4.01915e-10 
395.115 4.00724e-10 
395.408 3.99537e-10 
395.701 3.98354e-10 
395.994 3.97176e-10 
396.287 3.96002e-10 
396.58 3.94833e-10 
396.874 3.93668e-10 
397.167 3.92507e-10 
397.46 3.91351e-10 
397.753 3.90198e-10 
398.046 3.8905e-10 
398.339 3.87906e-10 
398.632 3.86767e-10 
398.925 3.85631e-10 
399.218 3.845e-10 
399.512 3.83373e-10 
399.805 3.8225e-10 
400.098 3.81131e-10 
400.391 3.80016e-10 
400.684 3.78905e-10 
400.977 3.77799e-10 
401.27 3.76696e-10 
401.563 3.75597e-10 
401.856 3.74503e-10 
402.15 3.73412e-10 
402.443 3.72325e-10 
402.736 3.71243e-10 
403.029 3.70164e-10 
403.322 3.69089e-10 
403.615 3.68018e-10 
403.908 3.66951e-10 
404.201 3.65888e-10 
404.494 3.64828e-10 
404.788 3.63773e-10 
405.081 3.62721e-10 
405.374 3.61673e-10 
405.667 3.60629e-10 
405.96 3.59588e-10 
406.253 3.58552e-10 
406.546 3.57519e-10 
406.839 3.5649e-10 
407.132 3.55464e-10 
407.426 3.54442e-10 
407.719 3.53424e-10 
408.012 3.5241e-10 
408.305 3.51399e-10 
408.598 3.50392e-10 
408.891 3.49388e-10 
409.184 3.48388e-10 
409.477 3.47391e-10 
409.77 3.46399e-10 
410.064 3.45409e-10 
410.357 3.44423e-10 
410.65 3.43441e-10 
410.943 3.42462e-10 
411.236 3.41487e-10 
411.529 3.40515e-10 
411.822 3.39547e-10 
412.115 3.38582e-10 
412.408 3.3762e-10 
412.702 3.36662e-10 
412.995 3.35707e-10 
413.288 3.34756e-10 
413.581 3.33808e-10 
413.874 3.32863e-10 
414.167 3.31922e-10 
414.46 3.30984e-10 
414.753 3.30049e-10 
415.046 3.29118e-10 
415.34 3.2819e-10 
415.633 3.27265e-10 
415.926 3.26344e-10 
416.219 3.25425e-10 
416.512 3.2451e-10 
416.805 3.23598e-10 
417.098 3.2269e-10 
417.391 3.21784e-10 
417.684 3.20882e-10 
417.978 3.19983e-10 
418.271 3.19087e-10 
418.564 3.18194e-10 
418.857 3.17304e-10 
419.15 3.16418e-10 
419.443 3.15534e-10 
419.736 3.14654e-10 
420.029 3.13776e-10 
420.322 3.12902e-10 
420.616 3.12031e-10 
420.909 3.11162e-10 
421.202 3.10297e-10 
421.495 3.09435e-10 
421.788 3.08576e-10 
422.081 3.07719e-10 
422.374 3.06866e-10 
422.667 3.06016e-10 
422.96 3.05168e-10 
423.254 3.04324e-10 
423.547 3.03482e-10 
423.84 3.02644e-10 
424.133 3.01808e-10 
424.426 3.00975e-10 
424.719 3.00145e-10 
425.012 2.99318e-10 
425.305 2.98494e-10 
425.598 2.97672e-10 
425.892 2.96854e-10 
426.185 2.96038e-10 
426.478 2.95225e-10 
426.771 2.94415e-10 
427.064 2.93607e-10 
427.357 2.92802e-10 
427.65 2.92e-10 
427.943 2.91201e-10 
428.236 2.90405e-10 
428.53 2.89611e-10 
428.823 2.8882e-10 
429.116 2.88032e-10 
429.409 2.87246e-10 
429.702 2.86463e-10 
429.995 2.85683e-10 
430.288 2.84905e-10 
430.581 2.8413e-10 
430.874 2.83358e-10 
431.168 2.82588e-10 
431.461 2.81821e-10 
431.754 2.81057e-10 
432.047 2.80295e-10 
432.34 2.79535e-10 
432.633 2.78779e-10 
432.926 2.78024e-10 
433.219 2.77273e-10 
433.512 2.76523e-10 
433.806 2.75777e-10 
434.099 2.75033e-10 
434.392 2.74291e-10 
434.685 2.73552e-10 
434.978 2.72816e-10 
435.271 2.72081e-10 
435.564 2.7135e-10 
435.857 2.70621e-10 
436.15 2.69894e-10 
436.444 2.6917e-10 
436.737 2.68448e-10 
437.03 2.67728e-10 
437.323 2.67011e-10 
437.616 2.66297e-10 
437.909 2.65584e-10 
438.202 2.64874e-10 
438.495 2.64167e-10 
438.788 2.63462e-10 
439.082 2.62759e-10 
439.375 2.62058e-10 
439.668 2.6136e-10 
439.961 2.60665e-10 
440.254 2.59971e-10 
440.547 2.5928e-10 
440.84 2.58591e-10 
441.133 2.57904e-10 
441.427 2.5722e-10 
441.72 2.56538e-10 
442.013 2.55858e-10 
442.306 2.55181e-10 
442.599 2.54505e-10 
442.892 2.53832e-10 
443.185 2.53161e-10 
443.478 2.52493e-10 
443.771 2.51826e-10 
444.065 2.51162e-10 
444.358 2.505e-10 
444.651 2.4984e-10 
444.944 2.49183e-10 
445.237 2.48527e-10 
445.53 2.47874e-10 
445.823 2.47222e-10 
446.116 2.46573e-10 
446.409 2.45926e-10 
446.703 2.45282e-10 
446.996 2.44639e-10 
447.289 2.43998e-10 
447.582 2.4336e-10 
447.875 2.42723e-10 
448.168 2.42089e-10 
448.461 2.41457e-10 
448.754 2.40826e-10 
449.047 2.40198e-10 
449.341 2.39572e-10 
449.634 2.38948e-10 
449.927 2.38326e-10 
450.22 2.37706e-10 
450.513 2.37088e-10 
450.806 2.36472e-10 
451.099 2.35858e-10 
451.392 2.35246e-10 
451.685 2.34636e-10 
451.979 2.34028e-10 
452.272 2.33422e-10 
452.565 2.32817e-10 
452.858 2.32215e-10 
453.151 2.31615e-10 
453.444 2.31017e-10 
453.737 2.3042e-10 
454.03 2.29826e-10 
454.323 2.29233e-10 
454.617 2.28643e-10 
454.91 2.28054e-10 
455.203 2.27467e-10 
455.496 2.26882e-10 
455.789 2.26299e-10 
456.082 2.25718e-10 
456.375 2.25139e-10 
456.668 2.24561e-10 
456.961 2.23986e-10 
457.255 2.23412e-10 
457.548 2.2284e-10 
457.841 2.2227e-10 
458.134 2.21702e-10 
458.427 2.21135e-10 
458.72 2.2057e-10 
459.013 2.20008e-10 
459.306 2.19447e-10 
459.599 2.18887e-10 
459.893 2.1833e-10 
460.186 2.17774e-10 
460.479 2.1722e-10 
460.772 2.16668e-10 
461.065 2.16117e-10 
461.358 2.15569e-10 
461.651 2.15022e-10 
461.944 2.14477e-10 
462.237 2.13933e-10 
462.531 2.13391e-10 
462.824 2.12851e-10 
463.117 2.12313e-10 
463.41 2.11776e-10 
463.703 2.11241e-10 
463.996 2.10708e-10 
464.289 2.10176e-10 
464.582 2.09647e-10 
464.875 2.09118e-10 
465.169 2.08592e-10 
465.462 2.08067e-10 
465.755 2.07544e-10 
466.048 2.07022e-10 
466.341 2.06502e-10 
466.634 2.05984e-10 
466.927 2.05467e-10 
467.22 2.04952e-10 
467.513 2.04438e-10 
467.807 2.03926e-10 
468.1 2.03416e-10 
468.393 2.02907e-10 
468.686 2.024e-10 
468.979 2.01895e-10 
469.272 2.01391e-10 
469.565 2.00888e-10 
469.858 2.00388e-10 
470.151 1.99888e-10 
470.445 1.99391e-10 
470.738 1.98894e-10 
471.031 1.984e-10 
471.324 1.97907e-10 
471.617 1.97415e-10 
471.91 1.96925e-10 
472.203 1.96437e-10 
472.496 1.9595e-10 
472.789 1.95464e-10 
473.083 1.9498e-10 
473.376 1.94498e-10 
473.669 1.94017e-10 
473.962 1.93537e-10 
474.255 1.93059e-10 
474.548 1.92583e-10 
474.841 1.92108e-10 
475.134 1.91634e-10 
475.427 1.91162e-10 
475.721 1.90691e-10 
476.014 1.90222e-10 
476.307 1.89754e-10 
476.6 1.89288e-10 
476.893 1.88823e-10 
477.186 1.88359e-10 
477.479 1.87897e-10 
477.772 1.87437e-10 
478.065 1.86977e-10 
478.359 1.86519e-10 
478.652 1.86063e-10 
478.945 1.85608e-10 
479.238 1.85154e-10 
479.531 1.84702e-10 
479.824 1.84251e-10 
480.117 1.83802e-10 
480.41 1.83353e-10 
480.703 1.82907e-10 
480.997 1.82461e-10 
481.29 1.82017e-10 
481.583 1.81574e-10 
481.876 1.81133e-10 
482.169 1.80693e-10 
482.462 1.80254e-10 
482.755 1.79817e-10 
483.048 1.79381e-10 
483.341 1.78946e-10 
483.635 1.78513e-10 
483.928 1.78081e-10 
484.221 1.7765e-10 
484.514 1.7722e-10 
484.807 1.76792e-10 
485.1 1.76365e-10 
485.393 1.7594e-10 
485.686 1.75515e-10 
485.98 1.75092e-10 
486.273 1.7467e-10 
486.566 1.7425e-10 
486.859 1.73831e-10 
487.152 1.73413e-10 
487.445 1.72996e-10 
487.738 1.7258e-10 
488.031 1.72166e-10 
488.324 1.71753e-10 
488.618 1.71341e-10 
488.911 1.70931e-10 
489.204 1.70522e-10 
489.497 1.70114e-10 
489.79 1.69707e-10 
490.083 1.69301e-10 
490.376 1.68897e-10 
490.669 1.68493e-10 
490.962 1.68091e-10 
491.256 1.67691e-10 
491.549 1.67291e-10 
491.842 1.66893e-10 
492.135 1.66495e-10 
492.428 1.66099e-10 
492.721 1.65704e-10 
493.014 1.65311e-10 
493.307 1.64918e-10 
493.6 1.64527e-10 
493.894 1.64136e-10 
494.187 1.63747e-10 
494.48 1.6336e-10 
494.773 1.62973e-10 
495.066 1.62587e-10 
495.359 1.62203e-10 
495.652 1.61819e-10 
495.945 1.61437e-10 
496.238 1.61056e-10 
496.532 1.60676e-10 
496.825 1.60297e-10 
497.118 1.59919e-10 
497.411 1.59543e-10 
497.704 1.59167e-10 
497.997 1.58793e-10 
498.29 1.5842e-10 
498.583 1.58047e-10 
498.876 1.57676e-10 
499.17 1.57306e-10 
499.463 1.56937e-10 
499.756 1.5657e-10 
500.049 1.56203e-10 
500.342 1.55837e-10 
500.635 1.55472e-10 
500.928 1.55109e-10 
501.221 1.54746e-10 
501.514 1.54385e-10 
501.808 1.54024e-10 
502.101 1.53665e-10 
502.394 1.53307e-10 
502.687 1.5295e-10 
502.98 1.52593e-10 
503.273 1.52238e-10 
503.566 1.51884e-10 
503.859 1.51531e-10 
504.152 1.51179e-10 
504.446 1.50828e-10 
504.739 1.50478e-10 
505.032 1.50129e-10 
505.325 1.49781e-10 
505.618 1.49434e-10 
505.911 1.49088e-10 
506.204 1.48743e-10 
506.497 1.48399e-10 
506.79 1.48056e-10 
507.084 1.47714e-10 
507.377 1.47373e-10 
507.67 1.47032e-10 
507.963 1.46693e-10 
508.256 1.46355e-10 
508.549 1.46018e-10 
508.842 1.45682e-10 
509.135 1.45347e-10 
509.428 1.45013e-10 
509.722 1.44679e-10 
510.015 1.44347e-10 
510.308 1.44016e-10 
510.601 1.43685e-10 
510.894 1.43356e-10 
511.187 1.43027e-10 
511.48 1.427e-10 
511.773 1.42373e-10 
512.066 1.42047e-10 
512.36 1.41723e-10 
512.653 1.41399e-10 
512.946 1.41076e-10 
513.239 1.40754e-10 
513.532 1.40433e-10 
513.825 1.40113e-10 
514.118 1.39793e-10 
514.411 1.39475e-10 
514.704 1.39158e-10 
514.998 1.38841e-10 
515.291 1.38525e-10 
515.584 1.38211e-10 
515.877 1.37897e-10 
516.17 1.37584e-10 
516.463 1.37272e-10 
516.756 1.36961e-10 
517.049 1.3665e-10 
517.342 1.36341e-10 
517.636 1.36032e-10 
517.929 1.35725e-10 
518.222 1.35418e-10 
518.515 1.35112e-10 
518.808 1.34807e-10 
519.101 1.34503e-10 
519.394 1.34199e-10 
519.687 1.33897e-10 
519.98 1.33595e-10 
520.274 1.33294e-10 
520.567 1.32994e-10 
520.86 1.32695e-10 
521.153 1.32397e-10 
521.446 1.32099e-10 
521.739 1.31803e-10 
522.032 1.31507e-10 
522.325 1.31212e-10 
522.618 1.30918e-10 
522.912 1.30625e-10 
523.205 1.30332e-10 
523.498 1.30041e-10 
523.791 1.2975e-10 
524.084 1.2946e-10 
524.377 1.29171e-10 
524.67 1.28882e-10 
524.963 1.28595e-10 
525.256 1.28308e-10 
525.55 1.28022e-10 
525.843 1.27737e-10 
526.136 1.27452e-10 
526.429 1.27168e-10 
526.722 1.26886e-10 
527.015 1.26604e-10 
527.308 1.26322e-10 
527.601 1.26042e-10 
527.894 1.25762e-10 
528.188 1.25483e-10 
528.481 1.25205e-10 
528.774 1.24928e-10 
529.067 1.24651e-10 
529.36 1.24375e-10 
529.653 1.241e-10 
529.946 1.23826e-10 
530.239 1.23552e-10 
530.532 1.23279e-10 
530.826 1.23007e-10 
531.119 1.22736e-10 
531.412 1.22465e-10 
531.705 1.22196e-10 
531.998 1.21927e-10 
532.291 1.21658e-10 
532.584 1.21391e-10 
532.877 1.21124e-10 
533.171 1.20858e-10 
533.464 1.20592e-10 
533.757 1.20328e-10 
534.05 1.20064e-10 
534.343 1.198e-10 
534.636 1.19538e-10 
534.929 1.19276e-10 
535.222 1.19015e-10 
535.515 1.18755e-10 
535.809 1.18495e-10 
536.102 1.18236e-10 
536.395 1.17978e-10 
536.688 1.1772e-10 
536.981 1.17463e-10 
537.274 1.17207e-10 
537.567 1.16952e-10 
537.86 1.16697e-10 
538.153 1.16443e-10 
538.447 1.1619e-10 
538.74 1.15937e-10 
539.033 1.15685e-10 
539.326 1.15434e-10 
539.619 1.15183e-10 
539.912 1.14933e-10 
540.205 1.14684e-10 
540.498 1.14436e-10 
540.791 1.14188e-10 
541.085 1.1394e-10 
541.378 1.13694e-10 
541.671 1.13448e-10 
541.964 1.13203e-10 
542.257 1.12958e-10 
542.55 1.12714e-10 
542.843 1.12471e-10 
543.136 1.12228e-10 
543.429 1.11987e-10 
543.723 1.11745e-10 
544.016 1.11505e-10 
544.309 1.11265e-10 
544.602 1.11025e-10 
544.895 1.10787e-10 
545.188 1.10549e-10 
545.481 1.10311e-10 
545.774 1.10074e-10 
546.067 1.09838e-10 
546.361 1.09603e-10 
546.654 1.09368e-10 
546.947 1.09134e-10 
547.24 1.089e-10 
547.533 1.08667e-10 
547.826 1.08435e-10 
548.119 1.08203e-10 
548.412 1.07972e-10 
548.705 1.07741e-10 
548.999 1.07511e-10 
549.292 1.07282e-10 
549.585 1.07053e-10 
549.878 1.06825e-10 
550.171 1.06598e-10 
550.464 1.06371e-10 
550.757 1.06145e-10 
551.05 1.05919e-10 
551.343 1.05694e-10 
551.637 1.05469e-10 
551.93 1.05245e-10 
552.223 1.05022e-10 
552.516 1.048e-10 
552.809 1.04577e-10 
553.102 1.04356e-10 
553.395 1.04135e-10 
553.688 1.03915e-10 
553.981 1.03695e-10 
554.275 1.03476e-10 
554.568 1.03257e-10 
554.861 1.03039e-10 
555.154 1.02822e-10 
555.447 1.02605e-10 
555.74 1.02389e-10 
556.033 1.02173e-10 
556.326 1.01958e-10 
556.619 1.01743e-10 
556.913 1.01529e-10 
557.206 1.01316e-10 
557.499 1.01103e-10 
557.792 1.0089e-10 
558.085 1.00679e-10 
558.378 1.00467e-10 
558.671 1.00257e-10 
558.964 1.00047e-10 
559.257 9.9837e-11 
559.551 9.96279e-11 
559.844 9.94194e-11 
560.137 9.92115e-11 
560.43 9.90041e-11 
560.723 9.87973e-11 
561.016 9.8591e-11 
561.309 9.83852e-11 
561.602 9.81799e-11 
561.895 9.79752e-11 
562.189 9.77711e-11 
562.482 9.75674e-11 
562.775 9.73643e-11 
563.068 9.71618e-11 
563.361 9.69597e-11 
563.654 9.67582e-11 
563.947 9.65572e-11 
564.24 9.63567e-11 
564.533 9.61567e-11 
564.827 9.59573e-11 
565.12 9.57584e-11 
565.413 9.55599e-11 
565.706 9.53621e-11 
565.999 9.51647e-11 
566.292 9.49678e-11 
566.585 9.47714e-11 
566.878 9.45756e-11 
567.171 9.43802e-11 
567.465 9.41854e-11 
567.758 9.3991e-11 
568.051 9.37972e-11 
568.344 9.36038e-11 
568.637 9.3411e-11 
568.93 9.32186e-11 
569.223 9.30268e-11 
569.516 9.28354e-11 
569.809 9.26445e-11 
570.103 9.24541e-11 
570.396 9.22643e-11 
570.689 9.20748e-11 
570.982 9.18859e-11 
571.275 9.16975e-11 
571.568 9.15095e-11 
571.861 9.13221e-11 
572.154 9.11351e-11 
572.447 9.09486e-11 
572.741 9.07625e-11 
573.034 9.0577e-11 
573.327 9.03919e-11 
573.62 9.02073e-11 
573.913 9.00231e-11 
574.206 8.98394e-11 
574.499 8.96562e-11 
574.792 8.94735e-11 
575.085 8.92912e-11 
575.379 8.91094e-11 
575.672 8.89281e-11 
575.965 8.87472e-11 
576.258 8.85668e-11 
576.551 8.83868e-11 
576.844 8.82073e-11 
577.137 8.80282e-11 
577.43 8.78496e-11 
577.724 8.76715e-11 
578.017 8.74938e-11 
578.31 8.73165e-11 
578.603 8.71397e-11 
578.896 8.69634e-11 
579.189 8.67875e-11 
579.482 8.6612e-11 
579.775 8.6437e-11 
580.068 8.62624e-11 
580.362 8.60883e-11 
580.655 8.59146e-11 
580.948 8.57413e-11 
581.241 8.55685e-11 
581.534 8.53961e-11 
581.827 8.52242e-11 
582.12 8.50527e-11 
582.413 8.48816e-11 
582.706 8.47109e-11 
583 8.45407e-11 
583.293 8.43709e-11 
583.586 8.42015e-11 
583.879 8.40325e-11 
584.172 8.3864e-11 
584.465 8.36959e-11 
584.758 8.35282e-11 
585.051 8.3361e-11 
585.344 8.31941e-11 
585.638 8.30277e-11 
585.931 8.28617e-11 
586.224 8.26961e-11 
586.517 8.25309e-11 
586.81 8.23661e-11 
587.103 8.22017e-11 
587.396 8.20378e-11 
587.689 8.18742e-11 
587.982 8.17111e-11 
588.276 8.15484e-11 
588.569 8.13861e-11 
588.862 8.12241e-11 
589.155 8.10626e-11 
589.448 8.09015e-11 
589.741 8.07408e-11 
590.034 8.05805e-11 
590.327 8.04205e-11 
590.62 8.0261e-11 
590.914 8.01019e-11 
591.207 7.99431e-11 
591.5 7.97848e-11 
591.793 7.96269e-11 
592.086 7.94693e-11 
592.379 7.93121e-11 
592.672 7.91553e-11 
592.965 7.89989e-11 
593.258 7.88429e-11 
593.552 7.86873e-11 
593.845 7.85321e-11 
594.138 7.83772e-11 
594.431 7.82227e-11 
594.724 7.80686e-11 
595.017 7.79149e-11 
595.31 7.77616e-11 
595.603 7.76086e-11 
595.896 7.7456e-11 
596.19 7.73038e-11 
596.483 7.7152e-11 
596.776 7.70005e-11 
597.069 7.68494e-11 
597.362 7.66987e-11 
597.655 7.65484e-11 
597.948 7.63984e-11 
598.241 7.62488e-11 
598.534 7.60995e-11 
598.828 7.59506e-11 
599.121 7.58021e-11 
599.414 7.56539e-11 
599.707 7.55061e-11 
600 7.53587e-11 
