# Parameter :  gs = 1.66238 P = 300 T = 1 z = 0.25 mDSqr= 4.14527
# Columns: 1- Time: T^2 t/(P*z*(1-z))    2- 1/(T P(z)) dGamma/dz 
0 0
0.005 0.000735814
0.01 0.00148764
0.015 0.002331
0.02 0.00323774
0.025 0.00417648
0.03 0.00513938
0.035 0.00609887
0.04 0.00704091
0.045 0.00795594
0.05 0.00884595
0.055 0.00968848
0.06 0.010485
0.065 0.0112422
0.07 0.011951
0.075 0.0126035
0.08 0.0131992
0.085 0.0137533
0.09 0.0142539
0.095 0.0147032
0.1 0.0151146
0.105 0.0154687
0.11 0.0157819
0.115 0.0160564
0.12 0.0162939
0.125 0.0165007
0.13 0.016669
0.135 0.0168099
0.14 0.0169228
0.145 0.0170172
0.15 0.0170824
0.155 0.0171292
0.16 0.017158
0.165 0.0171743
0.17 0.0171718
0.175 0.0171594
0.18 0.0171397
0.185 0.0171143
0.19 0.0170777
0.195 0.0170337
0.2 0.0169926
0.205 0.0169471
0.21 0.0168974
0.215 0.0168505
0.22 0.0167948
0.225 0.0167444
0.23 0.0166988
0.235 0.0166486
0.24 0.0166074
0.245 0.0165607
0.25 0.0165184
0.255 0.016474
0.26 0.0164402
0.265 0.0164146
0.27 0.0163803
0.275 0.0163464
0.28 0.016323
0.285 0.0163031
0.29 0.0162834
0.295 0.0162614
0.3 0.0162497
0.305 0.0162365
0.31 0.0162206
0.315 0.0162131
0.32 0.0162105
0.325 0.0162057
0.33 0.0161995
0.335 0.0161907
0.34 0.0161946
0.345 0.016184
0.35 0.0161872
0.355 0.0161878
0.36 0.0161994
0.365 0.0161995
0.37 0.0161998
0.375 0.0162063
0.38 0.0162044
0.385 0.0162075
0.39 0.0162095
0.395 0.0162143
0.4 0.0162143
0.405 0.0162253
0.41 0.016222
0.415 0.0162342
0.42 0.0162386
0.425 0.0162356
0.43 0.0162437
0.435 0.0162421
0.44 0.0162414
0.445 0.0162455
0.45 0.0162477
0.455 0.0162498
0.46 0.0162519
0.465 0.0162585
0.47 0.0162602
0.475 0.0162591
0.48 0.0162659
0.485 0.0162652
0.49 0.0162648
0.495 0.0162632
0.5 0.0162687
0.505 0.0162679
0.51 0.0162642
0.515 0.0162631
0.52 0.0162703
0.525 0.0162671
0.53 0.016269
0.535 0.0162682
0.54 0.0162689
0.545 0.016267
0.55 0.0162634
0.555 0.0162588
0.56 0.01626
0.565 0.0162567
0.57 0.0162597
0.575 0.0162674
0.58 0.0162687
0.585 0.0162585
0.59 0.0162648
0.595 0.0162589
0.6 0.0162681
0.605 0.016267
0.61 0.0162574
0.615 0.0162626
0.62 0.0162652
0.625 0.0162577
0.63 0.0162577
0.635 0.0162562
0.64 0.0162629
0.645 0.0162559
0.65 0.0162669
0.655 0.0162572
0.66 0.0162597
0.665 0.0162617
0.67 0.0162586
0.675 0.0162613
0.68 0.016265
0.685 0.0162638
0.69 0.0162618
0.695 0.0162579
0.7 0.0162513
0.705 0.016254
0.71 0.0162578
0.715 0.0162532
0.72 0.0162659
0.725 0.0162647
0.73 0.0162542
0.735 0.0162524
0.74 0.0162597
0.745 0.0162566
0.75 0.0162566
0.755 0.0162581
0.76 0.016263
0.765 0.0162598
0.77 0.0162626
0.775 0.0162557
0.78 0.0162551
0.785 0.0162661
0.79 0.0162637
0.795 0.0162639
0.8 0.0162626
0.805 0.0162612
0.81 0.0162636
0.815 0.0162659
0.82 0.0162638
0.825 0.0162626
0.83 0.0162643
0.835 0.0162664
0.84 0.0162604
0.845 0.0162598
0.85 0.0162546
0.855 0.0162577
0.86 0.0162564
0.865 0.0162642
0.87 0.0162557
0.875 0.0162586
0.88 0.0162528
0.885 0.0162632
0.89 0.0162649
0.895 0.0162577
0.9 0.0162549
0.905 0.016265
0.91 0.0162531
0.915 0.0162568
0.92 0.0162536
0.925 0.0162623
0.93 0.0162614
0.935 0.0162635
0.94 0.0162562
0.945 0.0162586
0.95 0.0162567
0.955 0.0162662
0.96 0.0162635
0.965 0.0162646
0.97 0.0162615
0.975 0.0162626
0.98 0.016262
0.985 0.0162624
0.99 0.0162628
0.995 0.0162565
