# Parameter : Q->GQ gs = 1.66238 P = 300 T = 1 z = 0.25
# Columns: 1- Time: T^2 t/(P*z*(1-z))    2- 1/(T P(z)) dGamma/dz 
0 0
0.001 0.00017227
0.00209411 0.000320346
0.0032912 0.000469832
0.00460095 0.000635034
0.00603396 0.00082832
0.00760184 0.00104988
0.00931728 0.0013093
0.0111942 0.00161029
0.0132477 0.00196249
0.0154945 0.00237547
0.0179527 0.00285194
0.0206423 0.00340516
0.023585 0.0040474
0.0268047 0.00478629
0.0303274 0.00563786
0.0341816 0.00661227
0.0383986 0.00772879
0.0430125 0.00900491
0.0480605 0.0104495
0.0535837 0.0121052
0.0596266 0.0139657
0.0662383 0.0160748
0.0734723 0.0184341
0.081387 0.0210878
0.0900467 0.0240608
0.0995213 0.0273523
0.109888 0.0310182
0.12123 0.0350684
0.133639 0.0395125
0.147216 0.0443808
0.162071 0.0496841
0.178324 0.0554167
0.196107 0.0616067
0.215564 0.0682165
0.236851 0.0752227
0.260142 0.0826245
0.285625 0.0903492
0.313506 0.0983348
0.344012 0.106477
0.377388 0.114699
0.413905 0.122863
0.45386 0.130804
0.497574 0.138378
0.545403 0.145381
0.597732 0.151609
0.654987 0.156885
0.717631 0.160959
0.78617 0.163696
0.861159 0.16488
0.943206 0.164423
1.03297 0.162261
1.13119 0.158442
1.23865 0.153064
1.35623 0.146421
1.48487 0.138913
1.62561 0.131047
1.77961 0.123446
1.94809 0.116805
2.13243 0.111837
2.33413 0.109122
2.5548 0.108953
2.79624 0.111283
3.06041 0.115617
3.34943 0.12091
3.66566 0.125814
4.01165 0.128889
4.3902 0.12923
4.80438 0.126885
5.25754 0.123113
5.75334 0.120104
6.29581 0.119664
6.88934 0.121835
7.53872 0.124518
8.24921 0.124997
9.02658 0.122975
9.87711 0.121515
10.8077 0.122745
11.8258 0.124028
12.9398 0.122858
14.1586 0.122354
15.4921 0.12355
16.9512 0.122775
18.5475 0.122906
20.2941 0.123146
22.205 0.122852
24.2958 0.123073
26.5834 0.123049
29.0863 0.122832
31.8247 0.123061
34.8208 0.123115
38.099 0.122973
